0 2592
0.032 1283.51
0.064 1283.1
0.096 1282.46
0.128 1281.64
0.16 1280.72
0.192 1279.83
0.224 1279.11
0.256 1278.77
0.288 1279.07
0.32 1280.36
0.352 1283.09
0.384 1287.81
0.416 1295.19
0.448 1306.01
0.48 1321.06
0.512 1340.98
0.544 1365.87
0.576 1395.04
0.608 1427
0.64 1459.85
0.672 1491.73
0.704 1521.02
0.736 1546.54
0.768 1567.55
0.8 1583.74
0.832 1595.17
0.864 1602.17
0.896 1605.33
0.928 1605.33
0.96 1602.88
0.992 1598.61
1.024 1593.09
1.056 1586.84
1.088 1580.35
1.12 1574.07
1.152 1568.39
1.184 1563.66
1.216 1560.13
1.248 1558
1.28 1557.4
1.312 1558.27
1.344 1560.38
1.376 1563.29
1.408 1566.45
1.44 1569.39
1.472 1571.83
1.504 1573.65
1.536 1574.82
1.568 1575.32
1.6 1575.16
1.632 1574.43
1.664 1573.24
1.696 1571.68
1.728 1569.85
1.76 1567.95
1.792 1566.13
1.824 1564.35
1.856 1562.49
1.888 1560.36
1.92 1557.72
1.952 1554.2
1.984 1549.52
2.016 1543.79
2.048 1537.66
2.08 1532.09
2.112 1528.06
2.144 1526.21
2.176 1526.79
2.208 1529.73
2.24 1534.77
2.272 1541.51
2.304 1549.4
2.336 1557.7
2.368 1565.54
2.4 1572.08
2.432 1576.72
2.464 1579.14
2.496 1579.28
2.528 1577.22
2.56 1573.17
2.592 1567.49
2.624 1560.65
2.656 1553.25
2.688 1545.91
2.72 1539.19
2.752 1533.49
2.784 1528.87
2.816 1525
2.848 1521.37
2.88 1517.82
2.912 1514.8
2.944 1513.08
2.976 1513.09
3.008 1514.76
3.04 1517.82
3.072 1522
3.104 1527.02
3.136 1532.56
3.168 1538.33
3.2 1544.3
3.232 1550.7
3.264 1557.86
3.296 1565.97
3.328 1574.85
3.36 1583.77
3.392 1591.6
3.424 1597.23
3.456 1600.24
3.488 1601.07
3.52 1600.48
3.552 1599.16
3.584 1597.7
3.616 1596.44
3.648 1595.41
3.68 1594.52
3.712 1593.77
3.744 1593.16
3.776 1592.34
3.808 1590.73
3.84 1587.86
3.872 1583.67
3.904 1578.47
3.936 1572.72
3.968 1566.81
4 1561.08
4.032 1555.85
4.064 1551.34
4.096 1547.75
4.128 1545.27
4.16 1544.18
4.192 1544.79
4.224 1547.14
4.256 1550.72
4.288 1554.7
4.32 1558.3
4.352 1560.94
4.384 1562.2
4.416 1562.08
4.448 1561.1
4.48 1559.97
4.512 1559.27
4.544 1559.16
4.576 1559.49
4.608 1560.02
4.64 1560.52
4.672 1560.9
4.704 1561.01
4.736 1560.34
4.768 1558.11
4.8 1553.99
4.832 1548.5
4.864 1542.5
4.896 1536.67
4.928 1531.44
4.96 1526.99
4.992 1523.22
5.024 1519.77
5.056 1516.27
5.088 1512.48
5.12 1508.44
5.152 1504.37
5.184 1500.56
5.216 1497.3
5.248 1494.8
5.28 1493.14
5.312 1492.37
5.344 1492.53
5.376 1493.63
5.408 1495.47
5.44 1497.61
5.472 1499.46
5.504 1500.79
5.536 1501.87
5.568 1503.31
5.6 1505.64
5.632 1509.21
5.664 1514.21
5.696 1520.71
5.728 1528.76
5.76 1538.31
5.792 1549.11
5.824 1560.48
5.856 1571.32
5.888 1580.44
5.92 1587.13
5.952 1591.41
5.984 1593.76
6.016 1594.8
6.048 1595.12
6.08 1595.24
6.112 1595.58
6.144 1596.31
6.176 1597.4
6.208 1598.64
6.24 1599.95
6.272 1601.71
6.304 1604.51
6.336 1608.64
6.368 1613.89
6.4 1619.59
6.432 1624.96
6.464 1629.35
6.496 1632.43
6.528 1634.19
6.56 1634.84
6.592 1634.63
6.624 1633.75
6.656 1632.35
6.688 1630.52
6.72 1628.28
6.752 1625.69
6.784 1622.91
6.816 1620.23
6.848 1618.04
6.88 1616.62
6.912 1616.07
6.944 1616.26
6.976 1616.84
7.008 1617.39
7.04 1617.49
7.072 1616.78
7.104 1615
7.136 1612.06
7.168 1608.13
7.2 1603.67
7.232 1599.25
7.264 1595.43
7.296 1592.53
7.328 1590.51
7.36 1588.86
7.392 1586.74
7.424 1583.47
7.456 1579.27
7.488 1575.38
7.52 1573.17
7.552 1573.37
7.584 1575.96
7.616 1580.47
7.648 1586.28
7.68 1592.7
7.712 1599.09
7.744 1604.86
7.776 1609.65
7.808 1613.45
7.84 1616.53
7.872 1619.2
7.904 1621.53
7.936 1623.22
7.968 1623.73
8 1622.58
8.032 1619.56
8.064 1614.87
8.096 1608.81
8.128 1601.64
8.16 1593.53
8.192 1584.79
8.224 1575.8
8.256 1567.03
8.288 1558.78
8.32 1551.42
8.352 1545.43
8.384 1541.34
8.416 1539.36
8.448 1539.28
8.48 1540.63
8.512 1542.79
8.544 1545.18
8.576 1547.43
8.608 1549.45
8.64 1551.39
8.672 1553.35
8.704 1555.38
8.736 1557.47
8.768 1559.73
8.8 1562.27
8.832 1565.1
8.864 1568.08
8.896 1571.05
8.928 1574.05
8.96 1577.38
8.992 1581.31
9.024 1585.81
9.056 1590.36
9.088 1594.2
9.12 1596.8
9.152 1598.1
9.184 1598.45
9.216 1598.26
9.248 1597.77
9.28 1596.89
9.312 1595.34
9.344 1592.95
9.376 1589.89
9.408 1586.68
9.44 1584.05
9.472 1582.64
9.504 1582.76
9.536 1584.42
9.568 1587.41
9.6 1591.42
9.632 1596.14
9.664 1601.25
9.696 1606.55
9.728 1611.85
9.76 1616.94
9.792 1621.6
9.824 1625.66
9.856 1629.06
9.888 1631.82
9.92 1634.03
9.952 1635.83
9.984 1637.39
10.016 1638.87
10.048 1640.31
10.08 1641.63
10.112 1642.67
10.144 1643.29
10.176 1643.4
10.208 1642.98
10.24 1642.12
10.272 1641.01
10.304 1639.85
10.336 1638.91
10.368 1638.52
10.4 1639.03
10.432 1640.67
10.464 1643.32
10.496 1646.29
10.528 1648.32
10.56 1647.96
10.592 1644.27
10.624 1637.35
10.656 1628.23
10.688 1618.16
10.72 1608.15
10.752 1598.94
10.784 1591.07
10.816 1584.88
10.848 1580.49
10.88 1577.79
10.912 1576.46
10.944 1576.06
10.976 1576.11
11.008 1576.27
11.04 1576.33
11.072 1576.38
11.104 1576.64
11.136 1577.4
11.168 1578.81
11.2 1580.8
11.232 1583.18
11.264 1585.87
11.296 1589.05
11.328 1593.02
11.36 1598.01
11.392 1604
11.424 1610.72
11.456 1617.66
11.488 1624.16
11.52 1629.55
11.552 1633.36
11.584 1635.48
11.616 1636.28
11.648 1636.42
11.68 1636.65
11.712 1637.46
11.744 1638.9
11.776 1640.51
11.808 1641.65
11.84 1641.76
11.872 1640.62
11.904 1638.28
11.936 1634.96
11.968 1630.96
12 1626.58
12.032 1622.2
12.064 1618.24
12.096 1615.06
12.128 1612.74
12.16 1611
12.192 1609.28
12.224 1607.12
12.256 1604.4
12.288 1601.39
12.32 1598.54
12.352 1596.32
12.384 1595.21
12.416 1595.63
12.448 1597.9
12.48 1602.01
12.512 1607.46
12.544 1613.09
12.576 1617.43
12.608 1619.34
12.64 1618.68
12.672 1616.13
12.704 1612.46
12.736 1608.14
12.768 1603.45
12.8 1598.66
12.832 1594.04
12.864 1589.85
12.896 1586.25
12.928 1583.26
12.96 1580.77
12.992 1578.53
13.024 1576.28
13.056 1573.87
13.088 1571.33
13.12 1568.87
13.152 1566.77
13.184 1565.23
13.216 1564.26
13.248 1563.76
13.28 1563.66
13.312 1564.13
13.344 1565.59
13.376 1568.58
13.408 1573.41
13.44 1579.98
13.472 1587.79
13.504 1596.1
13.536 1604.05
13.568 1610.77
13.6 1615.54
13.632 1617.97
13.664 1618.04
13.696 1616.08
13.728 1612.46
13.76 1607.51
13.792 1601.5
13.824 1594.71
13.856 1587.53
13.888 1580.3
13.92 1573.3
13.952 1566.65
13.984 1560.31
14.016 1554.16
14.048 1548.1
14.08 1542.21
14.112 1536.75
14.144 1532.17
14.176 1528.95
14.208 1527.4
14.24 1527.51
14.272 1528.94
14.304 1531.16
14.336 1533.55
14.368 1535.43
14.4 1536.19
14.432 1535.5
14.464 1533.4
14.496 1530.35
14.528 1527
14.56 1523.96
14.592 1521.58
14.624 1519.88
14.656 1518.67
14.688 1517.63
14.72 1516.55
14.752 1515.36
14.784 1514.11
14.816 1512.96
14.848 1512.11
14.88 1511.69
14.912 1511.77
14.944 1512.35
14.976 1513.4
15.008 1514.91
15.04 1516.84
15.072 1519.18
15.104 1521.92
15.136 1525.01
15.168 1528.31
15.2 1531.6
15.232 1534.87
15.264 1538.29
15.296 1541.86
15.328 1545.15
15.36 1547.55
15.392 1548.67
15.424 1548.65
15.456 1548.1
15.488 1547.81
15.52 1548.34
15.552 1549.83
15.584 1552.11
15.616 1554.83
15.648 1557.74
15.68 1560.68
15.712 1563.64
15.744 1566.58
15.776 1569.45
15.808 1572.08
15.84 1574.22
15.872 1575.58
15.904 1575.9
15.936 1575.01
15.968 1572.98
16 1570.1
16.032 1566.88
16.064 1563.83
16.096 1561.28
16.128 1559.32
16.16 1558
16.192 1557.5
16.224 1558.19
16.256 1560.44
16.288 1564.42
16.32 1569.95
16.352 1576.53
16.384 1583.5
16.416 1590.11
16.448 1595.73
16.48 1600.14
16.512 1603.47
16.544 1605.93
16.576 1607.3
16.608 1606.97
16.64 1604.47
16.672 1600.01
16.704 1594.3
16.736 1588.01
16.768 1581.47
16.8 1574.93
16.832 1568.71
16.864 1563.2
16.896 1558.59
16.928 1554.87
16.96 1551.91
16.992 1549.58
17.024 1547.73
17.056 1546.18
17.088 1544.81
17.12 1543.6
17.152 1542.66
17.184 1542.24
17.216 1542.6
17.248 1543.96
17.28 1546.49
17.312 1550.3
17.344 1555.38
17.376 1561.59
17.408 1568.59
17.44 1575.83
17.472 1582.64
17.504 1588.51
17.536 1593.18
17.568 1596.56
17.6 1598.58
17.632 1599.37
17.664 1599.35
17.696 1599.04
17.728 1598.87
17.76 1599
17.792 1599.31
17.824 1599.57
17.856 1599.51
17.888 1598.97
17.92 1597.92
17.952 1596.49
17.984 1594.92
18.016 1593.5
18.048 1592.52
18.08 1592.18
18.112 1592.6
18.144 1593.85
18.176 1595.97
18.208 1598.85
18.24 1602.16
18.272 1605.46
18.304 1608.28
18.336 1610.26
18.368 1611.16
18.4 1610.84
18.432 1609.34
18.464 1606.97
18.496 1604.26
18.528 1601.82
18.56 1600.15
18.592 1599.44
18.624 1599.57
18.656 1600.14
18.688 1600.56
18.72 1600.29
18.752 1598.98
18.784 1596.67
18.816 1593.82
18.848 1591.11
18.88 1589.18
18.912 1588.36
18.944 1588.61
18.976 1589.67
19.008 1591.24
19.04 1593.21
19.072 1595.51
19.104 1598.11
19.136 1600.86
19.168 1603.48
19.2 1605.52
19.232 1606.45
19.264 1605.86
19.296 1603.58
19.328 1599.74
19.36 1594.72
19.392 1589.1
19.424 1583.62
19.456 1579.01
19.488 1575.89
19.52 1574.6
19.552 1575.16
19.584 1577.31
19.616 1580.63
19.648 1584.64
19.68 1588.9
19.712 1593.06
19.744 1596.9
19.776 1600.39
19.808 1603.64
19.84 1606.77
19.872 1609.73
19.904 1612.2
19.936 1613.78
19.968 1614.16
20 1613.21
20.032 1610.99
20.064 1607.79
20.096 1603.99
20.128 1600.03
20.16 1596.33
20.192 1593.26
20.224 1591.05
20.256 1589.88
20.288 1589.76
20.32 1590.65
20.352 1592.34
20.384 1594.47
20.416 1596.58
20.448 1598.14
20.48 1598.66
20.512 1597.79
20.544 1595.37
20.576 1591.51
20.608 1586.5
20.64 1580.77
20.672 1574.88
20.704 1569.39
20.736 1564.77
20.768 1561.37
20.8 1559.29
20.832 1558.48
20.864 1558.66
20.896 1559.4
20.928 1560.26
20.96 1560.89
20.992 1561.08
21.024 1560.74
21.056 1559.88
21.088 1558.57
21.12 1556.91
21.152 1554.99
21.184 1552.86
21.216 1550.58
21.248 1548.27
21.28 1546.11
21.312 1544.39
21.344 1543.34
21.376 1543.01
21.408 1543.19
21.44 1543.53
21.472 1543.83
21.504 1544.04
21.536 1544.03
21.568 1543.19
21.6 1540.7
21.632 1536.16
21.664 1530.15
21.696 1523.89
21.728 1518.5
21.76 1514.65
21.792 1512.71
21.824 1512.81
21.856 1514.93
21.888 1518.79
21.92 1523.99
21.952 1530.15
21.984 1536.95
22.016 1543.99
22.048 1550.74
22.08 1556.78
22.112 1562.11
22.144 1567.14
22.176 1572.33
22.208 1577.77
22.24 1583.14
22.272 1587.95
22.304 1591.92
22.336 1594.89
22.368 1596.76
22.4 1597.44
22.432 1596.9
22.464 1595.27
22.496 1592.79
22.528 1589.73
22.56 1586.41
22.592 1583.11
22.624 1580.02
22.656 1577.27
22.688 1574.93
22.72 1573
22.752 1571.43
22.784 1570.13
22.816 1569.08
22.848 1568.27
22.88 1567.63
22.912 1567.01
22.944 1566.14
22.976 1564.74
23.008 1562.76
23.04 1560.33
23.072 1557.69
23.104 1555.04
23.136 1552.45
23.168 1549.93
23.2 1547.49
23.232 1545.26
23.264 1543.46
23.296 1542.47
23.328 1542.71
23.36 1544.55
23.392 1548.23
23.424 1553.77
23.456 1560.91
23.488 1569.12
23.52 1577.65
23.552 1585.8
23.584 1593.12
23.616 1599.51
23.648 1605.12
23.68 1610.1
23.712 1614.52
23.744 1618.3
23.776 1621.43
23.808 1624.01
23.84 1626.33
23.872 1628.67
23.904 1630.98
23.936 1632.82
23.968 1633.67
24 1633.44
24.032 1632.48
24.064 1631.4
24.096 1630.72
24.128 1630.63
24.16 1630.92
24.192 1631.13
24.224 1630.85
24.256 1629.91
24.288 1628.32
24.32 1626.2
24.352 1623.63
24.384 1620.74
24.416 1617.75
24.448 1614.95
24.48 1612.61
24.512 1610.96
24.544 1610.04
24.576 1609.74
24.608 1609.8
24.64 1609.86
24.672 1609.6
24.704 1608.74
24.736 1607.16
24.768 1604.81
24.8 1601.63
24.832 1597.57
24.864 1592.52
24.896 1586.38
24.928 1579.19
24.96 1571.26
24.992 1563.3
25.024 1556.23
25.056 1550.91
25.088 1547.9
25.12 1547.39
25.152 1549.23
25.184 1553.05
25.216 1558.33
25.248 1564.45
25.28 1570.77
25.312 1576.68
25.344 1581.6
25.376 1585.16
25.408 1587.4
25.44 1588.71
25.472 1589.31
25.504 1588.92
25.536 1587.08
25.568 1583.72
25.6 1579.21
25.632 1574.11
25.664 1568.94
25.696 1564.15
25.728 1560.15
25.76 1557.28
25.792 1555.76
25.824 1555.67
25.856 1556.91
25.888 1559.21
25.92 1562.14
25.952 1565.32
25.984 1568.64
26.016 1572.13
26.048 1575.71
26.08 1579.11
26.112 1582.01
26.144 1584.3
26.176 1586.02
26.208 1587.27
26.24 1588.04
26.272 1588.13
26.304 1587.41
26.336 1585.99
26.368 1584.19
26.4 1582.04
26.432 1579.24
26.464 1575.73
26.496 1572.24
26.528 1569.98
26.56 1570.05
26.592 1573.04
26.624 1578.78
26.656 1586.27
26.688 1593.92
26.72 1600.35
26.752 1605.19
26.784 1608.93
26.816 1612.08
26.848 1614.67
26.88 1616.5
26.912 1617.42
26.944 1617.49
26.976 1616.83
27.008 1615.59
27.04 1613.87
27.072 1611.8
27.104 1609.58
27.136 1607.47
27.168 1605.68
27.2 1604.33
27.232 1603.41
27.264 1602.81
27.296 1602.31
27.328 1601.64
27.36 1600.64
27.392 1599.43
27.424 1598.34
27.456 1597.67
27.488 1597.49
27.52 1597.7
27.552 1598.14
27.584 1598.62
27.616 1598.94
27.648 1598.89
27.68 1598.22
27.712 1596.72
27.744 1594.26
27.776 1590.87
27.808 1586.84
27.84 1582.72
27.872 1579.28
27.904 1577.23
27.936 1577.01
27.968 1578.58
28 1581.44
28.032 1584.89
28.064 1588.18
28.096 1590.79
28.128 1592.57
28.16 1593.66
28.192 1594.25
28.224 1594.43
28.256 1594.11
28.288 1593.16
28.32 1591.65
28.352 1589.83
28.384 1588.06
28.416 1586.74
28.448 1586.18
28.48 1586.57
28.512 1587.94
28.544 1590.09
28.576 1592.63
28.608 1595.1
28.64 1597.07
28.672 1598.26
28.704 1598.64
28.736 1598.41
28.768 1597.95
28.8 1597.63
28.832 1597.54
28.864 1597.34
28.896 1596.62
28.928 1595.35
28.96 1593.84
28.992 1592.3
29.024 1590.6
29.056 1588.49
29.088 1585.84
29.12 1582.79
29.152 1579.65
29.184 1576.8
29.216 1574.55
29.248 1573.01
29.28 1572.17
29.312 1571.9
29.344 1572.04
29.376 1572.42
29.408 1572.86
29.44 1573.12
29.472 1572.95
29.504 1572.14
29.536 1570.68
29.568 1568.76
29.6 1566.78
29.632 1565.19
29.664 1564.38
29.696 1564.68
29.728 1566.31
29.76 1569.34
29.792 1573.54
29.824 1578.44
29.856 1583.42
29.888 1588.06
29.92 1592.25
29.952 1596.31
29.984 1600.71
30.016 1605.84
30.048 1611.91
30.08 1618.86
30.112 1626.46
30.144 1634.29
30.176 1641.82
30.208 1648.49
30.24 1653.78
30.272 1657.27
30.304 1658.83
30.336 1658.58
30.368 1656.91
30.4 1654.29
30.432 1651.18
30.464 1648.01
30.496 1645.18
30.528 1642.95
30.56 1641.44
30.592 1640.6
30.624 1640.29
30.656 1640.42
30.688 1640.87
30.72 1641.44
30.752 1641.87
30.784 1641.92
30.816 1641.5
30.848 1640.65
30.88 1639.47
30.912 1638.08
30.944 1636.52
30.976 1634.66
31.008 1632.23
31.04 1628.94
31.072 1624.64
31.104 1619.32
31.136 1613.17
31.168 1606.48
31.2 1599.61
31.232 1593.01
31.264 1587.17
31.296 1582.51
31.328 1579.27
31.36 1577.39
31.392 1576.54
31.424 1576.27
31.456 1576.32
31.488 1576.74
31.52 1577.69
31.552 1579.16
31.584 1580.91
31.616 1582.53
31.648 1583.64
31.68 1584.07
31.712 1583.9
31.744 1583.5
31.776 1583.32
31.808 1583.81
31.84 1585.28
31.872 1587.94
31.904 1591.87
31.936 1597.07
31.968 1603.36
32 1610.34
32.032 1617.25
32.064 1623.22
32.096 1627.65
32.128 1630.4
32.16 1631.75
32.192 1632.1
32.224 1631.79
32.256 1631.06
32.288 1630.13
32.32 1629.14
32.352 1628.13
32.384 1627.06
32.416 1625.96
32.448 1625.08
32.48 1624.78
32.512 1625.29
32.544 1626.43
32.576 1627.69
32.608 1628.39
32.64 1627.92
32.672 1625.93
32.704 1622.33
32.736 1617.35
32.768 1611.38
32.8 1604.81
32.832 1598.05
32.864 1591.47
32.896 1585.47
32.928 1580.48
32.96 1576.84
32.992 1574.83
33.024 1574.56
33.056 1575.98
33.088 1578.91
33.12 1583.06
33.152 1588.07
33.184 1593.59
33.216 1599.34
33.248 1605.04
33.28 1610.42
33.312 1615.19
33.344 1618.96
33.376 1621.36
33.408 1622.1
33.44 1621.15
33.472 1618.72
33.504 1615.01
33.536 1610.05
33.568 1603.76
33.6 1596.22
33.632 1587.83
33.664 1579.28
33.696 1571.34
33.728 1564.57
33.76 1559.27
33.792 1555.49
33.824 1553.23
33.856 1552.61
33.888 1553.87
33.92 1557.2
33.952 1562.51
33.984 1568.99
34.016 1575
34.048 1578.64
34.08 1578.89
34.112 1576.21
34.144 1571.88
34.176 1567.08
34.208 1562.48
34.24 1558.36
34.272 1554.91
34.304 1552.27
34.336 1550.47
34.368 1549.28
34.4 1548.3
34.432 1547.23
34.464 1546.05
34.496 1545.04
34.528 1544.59
34.56 1544.93
34.592 1545.97
34.624 1547.47
34.656 1549.26
34.688 1551.29
34.72 1553.66
34.752 1556.47
34.784 1559.81
34.816 1563.74
34.848 1568.24
34.88 1573.22
34.912 1578.51
34.944 1583.87
34.976 1589.1
35.008 1594.02
35.04 1598.47
35.072 1602.35
35.104 1605.55
35.136 1607.89
35.168 1609.12
35.2 1609.09
35.232 1607.9
35.264 1606.04
35.296 1604.3
35.328 1603.42
35.36 1603.75
35.392 1605.17
35.424 1607.13
35.456 1608.87
35.488 1609.67
35.52 1609.08
35.552 1607.11
35.584 1604.09
35.616 1600.37
35.648 1596.22
35.68 1591.87
35.712 1587.63
35.744 1583.89
35.776 1580.93
35.808 1578.78
35.84 1577.35
35.872 1576.42
35.904 1575.76
35.936 1575.21
35.968 1574.73
36 1574.37
36.032 1574.07
36.064 1573.44
36.096 1571.76
36.128 1568.46
36.16 1563.65
36.192 1558.21
36.224 1553.19
36.256 1549.22
36.288 1546.33
36.32 1543.98
36.352 1541.32
36.384 1537.72
36.416 1533.37
36.448 1529.28
36.48 1526.5
36.512 1525.68
36.544 1526.98
36.576 1530.17
36.608 1534.87
36.64 1540.61
36.672 1546.76
36.704 1552.36
36.736 1556.42
36.768 1558.4
36.8 1558.51
36.832 1557.65
36.864 1557
36.896 1557.39
36.928 1559
36.96 1561.32
36.992 1563.36
37.024 1564.21
37.056 1563.65
37.088 1562.39
37.12 1561.36
37.152 1561.14
37.184 1561.79
37.216 1563.05
37.248 1564.62
37.28 1566.33
37.312 1568.14
37.344 1570.09
37.376 1572.05
37.408 1573.69
37.44 1574.44
37.472 1573.81
37.504 1571.72
37.536 1568.64
37.568 1565.38
37.6 1562.58
37.632 1560.53
37.664 1559.19
37.696 1558.47
37.728 1558.3
37.76 1558.74
37.792 1559.75
37.824 1560.95
37.856 1561.51
37.888 1560.57
37.92 1558.03
37.952 1554.63
37.984 1551.59
38.016 1550.11
38.048 1551.13
38.08 1555.13
38.112 1561.76
38.144 1569.59
38.176 1576.76
38.208 1582.71
38.24 1588.29
38.272 1594.33
38.304 1600.58
38.336 1606.23
38.368 1610.54
38.4 1613.19
38.432 1614.26
38.464 1614.1
38.496 1613.33
38.528 1612.6
38.56 1612.22
38.592 1612.12
38.624 1611.98
38.656 1611.59
38.688 1611.09
38.72 1610.91
38.752 1611.58
38.784 1613.51
38.816 1616.78
38.848 1621.22
38.88 1626.38
38.912 1631.66
38.944 1636.41
38.976 1639.96
39.008 1641.88
39.04 1642.13
39.072 1640.97
39.104 1638.81
39.136 1636.02
39.168 1632.91
39.2 1629.78
39.232 1626.93
39.264 1624.64
39.296 1623.07
39.328 1622.24
39.36 1621.99
39.392 1622.07
39.424 1622.22
39.456 1622.21
39.488 1621.92
39.52 1621.33
39.552 1620.49
39.584 1619.46
39.616 1618.24
39.648 1616.82
39.68 1615.17
39.712 1613.33
39.744 1611.49
39.776 1610.01
39.808 1609.23
39.84 1609.34
39.872 1610.2
39.904 1611.32
39.936 1612.09
39.968 1612.08
40 1611.25
40.032 1609.9
40.064 1608.36
40.096 1606.93
40.128 1605.77
40.16 1605.06
40.192 1605.05
40.224 1606.01
40.256 1608.06
40.288 1610.94
40.32 1614.13
40.352 1617.26
40.384 1620.23
40.416 1623.1
40.448 1625.91
40.48 1628.55
40.512 1630.68
40.544 1631.91
40.576 1632.34
40.608 1632.57
40.64 1633.09
40.672 1633.8
40.704 1634.23
40.736 1633.77
40.768 1631.6
40.8 1627.06
40.832 1620.54
40.864 1613.09
40.896 1605.39
40.928 1597.57
40.96 1589.63
40.992 1581.7
41.024 1574.02
41.056 1566.79
41.088 1560.2
41.12 1554.5
41.152 1549.89
41.184 1546.42
41.216 1544.06
41.248 1542.91
41.28 1543.08
41.312 1544.49
41.344 1546.74
41.376 1549.18
41.408 1551.24
41.44 1552.72
41.472 1553.78
41.504 1554.83
41.536 1556.24
41.568 1558.09
41.6 1559.95
41.632 1560.91
41.664 1560.23
41.696 1558.04
41.728 1555.16
41.76 1552.37
41.792 1550.17
41.824 1548.74
41.856 1548.16
41.888 1548.55
41.92 1550.15
41.952 1553.19
41.984 1557.74
42.016 1563.6
42.048 1570.29
42.08 1577.2
42.112 1583.7
42.144 1589.31
42.176 1593.73
42.208 1596.83
42.24 1598.56
42.272 1598.94
42.304 1598.09
42.336 1596.2
42.368 1593.63
42.4 1590.84
42.432 1588.33
42.464 1586.56
42.496 1585.92
42.528 1586.67
42.56 1588.78
42.592 1591.92
42.624 1595.46
42.656 1598.59
42.688 1600.58
42.72 1601.03
42.752 1600.12
42.784 1598.57
42.816 1597.32
42.848 1597.1
42.88 1598.05
42.912 1599.68
42.944 1600.94
42.976 1600.67
43.008 1598.29
43.04 1594.29
43.072 1590.07
43.104 1587.19
43.136 1586.74
43.168 1589.12
43.2 1594.05
43.232 1600.66
43.264 1607.68
43.296 1613.97
43.328 1619
43.36 1622.97
43.392 1626.5
43.424 1630.05
43.456 1633.75
43.488 1637.32
43.52 1640.32
43.552 1642.32
43.584 1643.06
43.616 1642.52
43.648 1640.84
43.68 1638.19
43.712 1634.67
43.744 1630.34
43.776 1625.35
43.808 1620
43.84 1614.67
43.872 1609.77
43.904 1605.55
43.936 1602.08
43.968 1599.25
44 1596.85
44.032 1594.81
44.064 1593.29
44.096 1592.65
44.128 1593.19
44.16 1595.02
44.192 1598.06
44.224 1602.15
44.256 1607.09
44.288 1612.7
44.32 1618.81
44.352 1625.28
44.384 1631.73
44.416 1637.29
44.448 1640.57
44.48 1640.38
44.512 1636.64
44.544 1630.46
44.576 1623.25
44.608 1616.01
44.64 1609.36
44.672 1603.71
44.704 1599.44
44.736 1596.81
44.768 1595.77
44.8 1596.04
44.832 1597.21
44.864 1598.98
44.896 1601.14
44.928 1603.6
44.96 1606.33
44.992 1609.31
45.024 1612.58
45.056 1616.18
45.088 1620.13
45.12 1624.36
45.152 1628.71
45.184 1632.95
45.216 1636.89
45.248 1640.28
45.28 1642.88
45.312 1644.48
45.344 1644.99
45.376 1644.47
45.408 1643.11
45.44 1641.19
45.472 1639.1
45.504 1637.14
45.536 1635.3
45.568 1633.37
45.6 1631.42
45.632 1629.88
45.664 1629.15
45.696 1629.26
45.728 1629.87
45.76 1630.5
45.792 1630.73
45.824 1630.38
45.856 1629.56
45.888 1628.49
45.92 1627.39
45.952 1626.4
45.984 1625.62
46.016 1625.09
46.048 1624.75
46.08 1624.47
46.112 1624.17
46.144 1623.9
46.176 1623.9
46.208 1624.48
46.24 1625.87
46.272 1628.19
46.304 1631.41
46.336 1635.32
46.368 1639.56
46.4 1643.63
46.432 1647.11
46.464 1649.8
46.496 1651.78
46.528 1653.3
46.56 1654.6
46.592 1655.82
46.624 1656.9
46.656 1657.65
46.688 1657.72
46.72 1656.74
46.752 1654.36
46.784 1650.38
46.816 1644.68
46.848 1637.29
46.88 1628.48
46.912 1619.01
46.944 1610.06
46.976 1602.61
47.008 1597.15
47.04 1593.65
47.072 1591.85
47.104 1591.42
47.136 1592.04
47.168 1593.49
47.2 1595.65
47.232 1598.47
47.264 1601.85
47.296 1605.62
47.328 1609.45
47.36 1612.94
47.392 1615.71
47.424 1617.52
47.456 1618.39
47.488 1618.53
47.52 1618.18
47.552 1617.41
47.584 1616.12
47.616 1614.03
47.648 1610.89
47.68 1606.7
47.712 1601.7
47.744 1596.22
47.776 1590.46
47.808 1584.46
47.84 1578.18
47.872 1571.65
47.904 1565.03
47.936 1558.61
47.968 1552.7
48 1547.63
