0 2592
0.016 2591.56
0.032 2590.25
0.048 2588.05
0.064 2584.99
0.08 2581.05
0.096 2576.25
0.112 2570.58
0.128 2564.06
0.144 2556.69
0.16 2548.47
0.176 2539.42
0.192 2529.54
0.208 2518.85
0.224 2507.35
0.24 2495.05
0.256 2481.97
0.272 2468.11
0.288 2453.5
0.304 2438.15
0.32 2422.09
0.336 2405.32
0.352 2387.87
0.368 2369.77
0.384 2351.05
0.4 2331.72
0.416 2311.83
0.432 2291.4
0.448 2270.47
0.464 2249.09
0.48 2227.28
0.496 2205.1
0.512 2182.6
0.528 2159.81
0.544 2136.79
0.56 2113.59
0.576 2090.26
0.592 2066.84
0.608 2043.4
0.624 2019.97
0.64 1996.6
0.656 1973.33
0.672 1950.2
0.688 1927.25
0.704 1904.5
0.72 1881.99
0.736 1859.74
0.752 1837.76
0.768 1816.07
0.784 1794.69
0.8 1773.62
0.816 1752.87
0.832 1732.44
0.848 1712.33
0.864 1692.54
0.88 1673.07
0.896 1653.91
0.912 1635.05
0.928 1616.5
0.944 1598.23
0.96 1580.24
0.976 1562.53
0.992 1545.08
1.008 1527.89
1.024 1510.94
1.04 1494.23
1.056 1477.75
1.072 1461.49
1.088 1445.45
1.104 1429.62
1.12 1413.98
1.136 1398.55
1.152 1383.31
1.168 1368.25
1.184 1353.38
1.2 1338.69
1.216 1324.18
1.232 1309.84
1.248 1295.68
1.264 1281.68
1.28 1267.86
1.296 1254.2
1.312 1240.7
1.328 1227.36
1.344 1214.17
1.36 1201.14
1.376 1188.26
1.392 1175.53
1.408 1162.94
1.424 1150.5
1.44 1138.19
1.456 1126.03
1.472 1114
1.488 1102.1
1.504 1090.33
1.52 1078.69
1.536 1067.18
1.552 1055.8
1.568 1044.54
1.584 1033.41
1.6 1022.4
1.616 1011.51
1.632 1000.74
1.648 990.083
1.664 979.546
1.68 969.123
1.696 958.814
1.712 948.616
1.728 938.528
1.744 928.55
1.76 918.681
1.776 908.919
1.792 899.264
1.808 889.716
1.824 880.274
1.84 870.938
1.856 861.707
1.872 852.58
1.888 843.558
1.904 834.638
1.92 825.819
1.936 817.102
1.952 808.482
1.968 799.96
1.984 791.534
2 783.2
2.016 774.957
2.032 766.804
2.048 758.737
2.064 750.755
2.08 742.855
2.096 735.036
2.112 727.296
2.128 719.635
2.144 712.05
2.16 704.54
2.176 697.107
2.192 689.748
2.208 682.465
2.224 675.258
2.24 668.127
2.256 661.074
2.272 654.1
2.288 647.205
2.304 640.391
2.32 633.659
2.336 627.01
2.352 620.442
2.368 613.958
2.384 607.555
2.4 601.234
2.416 594.993
2.432 588.83
2.448 582.744
2.464 576.732
2.48 570.793
2.496 564.923
2.512 559.122
2.528 553.385
2.544 547.71
2.56 542.095
2.576 536.536
2.592 531.032
2.608 525.579
2.624 520.174
2.64 514.817
2.656 509.504
2.672 504.235
2.688 499.009
2.704 493.825
2.72 488.682
2.736 483.582
2.752 478.524
2.768 473.509
2.784 468.54
2.8 463.617
2.816 458.743
2.832 453.919
2.848 449.147
2.864 444.429
2.88 439.767
2.896 435.162
2.912 430.616
2.928 426.128
2.944 421.699
2.96 417.331
2.976 413.022
2.992 408.774
3.008 404.584
3.024 400.453
3.04 396.38
3.056 392.363
3.072 388.401
3.088 384.493
3.104 380.637
3.12 376.832
3.136 373.075
3.152 369.365
3.168 365.7
3.184 362.079
3.2 358.498
3.216 354.956
3.232 351.452
3.248 347.984
3.264 344.549
3.28 341.145
3.296 337.772
3.312 334.427
3.328 331.109
3.344 327.817
3.36 324.547
3.376 321.301
3.392 318.075
3.408 314.87
3.424 311.686
3.44 308.521
3.456 305.376
3.472 302.252
3.488 299.15
3.504 296.07
3.52 293.014
3.536 289.984
3.552 286.981
3.568 284.007
3.584 281.065
3.6 278.157
3.616 275.284
3.632 272.448
3.648 269.651
3.664 266.895
3.68 264.182
3.696 261.511
3.712 258.883
3.728 256.299
3.744 253.759
3.76 251.263
3.776 248.809
3.792 246.398
3.808 244.029
3.824 241.7
3.84 239.413
3.856 237.165
3.872 234.957
3.888 232.787
3.904 230.657
3.92 228.565
3.936 226.51
3.952 224.492
3.968 222.511
3.984 220.566
4 218.657
4.016 216.782
4.032 214.942
4.048 213.136
4.064 211.364
4.08 209.626
4.096 207.923
4.112 206.255
4.128 204.622
4.144 203.026
4.16 201.467
4.176 199.947
4.192 198.466
4.208 197.025
4.224 195.625
4.24 194.268
4.256 192.953
4.272 191.681
4.288 190.452
4.304 189.267
4.32 188.125
4.336 187.026
4.352 185.968
4.368 184.951
4.384 183.974
4.4 183.034
4.416 182.131
4.432 181.261
4.448 180.422
4.464 179.611
4.48 178.826
4.496 178.064
4.512 177.32
4.528 176.593
4.544 175.88
4.56 175.177
4.576 174.483
4.592 173.794
4.608 173.111
4.624 172.43
4.64 171.752
4.656 171.075
4.672 170.398
4.688 169.723
4.704 169.048
4.72 168.374
4.736 167.701
4.752 167.029
4.768 166.359
4.784 165.691
4.8 165.025
4.816 164.361
4.832 163.698
4.848 163.038
4.864 162.378
4.88 161.718
4.896 161.058
4.912 160.395
4.928 159.727
4.944 159.054
4.96 158.372
4.976 157.678
4.992 156.971
5.008 156.247
5.024 155.502
5.04 154.734
5.056 153.939
5.072 153.115
5.088 152.26
5.104 151.37
5.12 150.446
5.136 149.486
5.152 148.489
5.168 147.458
5.184 146.393
5.2 145.295
5.216 144.169
5.232 143.016
5.248 141.84
5.264 140.644
5.28 139.434
5.296 138.211
5.312 136.98
5.328 135.745
5.344 134.508
5.36 133.273
5.376 132.043
5.392 130.82
5.408 129.606
5.424 128.404
5.44 127.215
5.456 126.04
5.472 124.882
5.488 123.74
5.504 122.618
5.52 121.515
5.536 120.432
5.552 119.371
5.568 118.333
5.584 117.318
5.6 116.327
5.616 115.362
5.632 114.424
5.648 113.513
5.664 112.631
5.68 111.777
5.696 110.954
5.712 110.16
5.728 109.398
5.744 108.666
5.76 107.965
5.776 107.296
5.792 106.657
5.808 106.049
5.824 105.471
5.84 104.924
5.856 104.408
5.872 103.923
5.888 103.469
5.904 103.047
5.92 102.658
5.936 102.303
5.952 101.983
5.968 101.7
5.984 101.455
6 101.25
6.016 101.084
6.032 100.96
6.048 100.877
6.064 100.835
6.08 100.833
6.096 100.87
6.112 100.944
6.128 101.054
6.144 101.196
6.16 101.367
6.176 101.564
6.192 101.783
6.208 102.019
6.224 102.27
6.24 102.531
6.256 102.797
6.272 103.065
6.288 103.331
6.304 103.593
6.32 103.846
6.336 104.09
6.352 104.321
6.368 104.537
6.384 104.738
6.4 104.922
6.416 105.087
6.432 105.234
6.448 105.36
6.464 105.465
6.48 105.549
6.496 105.609
6.512 105.647
6.528 105.659
6.544 105.646
6.56 105.607
6.576 105.541
6.592 105.447
6.608 105.326
6.624 105.176
6.64 104.998
6.656 104.792
6.672 104.56
6.688 104.3
6.704 104.016
6.72 103.706
6.736 103.374
6.752 103.019
6.768 102.643
6.784 102.246
6.8 101.829
6.816 101.392
6.832 100.935
6.848 100.457
6.864 99.9572
6.88 99.435
6.896 98.8889
6.912 98.3174
6.928 97.719
6.944 97.0922
6.96 96.4356
6.976 95.7478
6.992 95.0276
7.008 94.2739
7.024 93.4858
7.04 92.6627
7.056 91.8041
7.072 90.9099
7.088 89.98
7.104 89.0148
7.12 88.0147
7.136 86.9805
7.152 85.9134
7.168 84.8146
7.184 83.686
7.2 82.5295
7.216 81.3478
7.232 80.1438
7.248 78.9206
7.264 77.6821
7.28 76.4321
7.296 75.175
7.312 73.915
7.328 72.6568
7.344 71.4047
7.36 70.1633
7.376 68.9367
7.392 67.7291
7.408 66.5441
7.424 65.3854
7.44 64.2559
7.456 63.1587
7.472 62.0962
7.488 61.0705
7.504 60.0835
7.52 59.1367
7.536 58.2313
7.552 57.3683
7.568 56.548
7.584 55.7708
7.6 55.0365
7.616 54.3449
7.632 53.6951
7.648 53.0865
7.664 52.5178
7.68 51.988
7.696 51.4958
7.712 51.0399
7.728 50.6192
7.744 50.2324
7.76 49.8785
7.776 49.5563
7.792 49.2648
7.808 49.003
7.824 48.7699
7.84 48.5643
7.856 48.3854
7.872 48.232
7.888 48.103
7.904 47.9974
7.92 47.9139
7.936 47.8514
7.952 47.8084
7.968 47.7836
7.984 47.7756
8 47.7827
8.016 47.8032
8.032 47.8356
8.048 47.8777
8.064 47.9277
8.08 47.9835
8.096 48.0427
8.112 48.1031
8.128 48.1622
8.144 48.2176
8.16 48.2668
8.176 48.3075
8.192 48.3375
8.208 48.3549
8.224 48.3578
8.24 48.3448
8.256 48.3147
8.272 48.2667
8.288 48.2002
8.304 48.1147
8.32 48.0104
8.336 47.8872
8.352 47.7456
8.368 47.5861
8.384 47.4094
8.4 47.2163
8.416 47.0079
8.432 46.7851
8.448 46.5491
8.464 46.3013
8.48 46.0428
8.496 45.775
8.512 45.4994
8.528 45.2172
8.544 44.9298
8.56 44.6387
8.576 44.3451
8.592 44.0504
8.608 43.7557
8.624 43.4623
8.64 43.1716
8.656 42.8846
8.672 42.6027
8.688 42.3271
8.704 42.059
8.72 41.7996
8.736 41.5501
8.752 41.3114
8.768 41.0846
8.784 40.8703
8.8 40.6692
8.816 40.4816
8.832 40.3078
8.848 40.1478
8.864 40.0015
8.88 39.8687
8.896 39.7488
8.912 39.6416
8.928 39.5466
8.944 39.4633
8.96 39.3911
8.976 39.3298
8.992 39.2786
9.008 39.2373
9.024 39.2051
9.04 39.1816
9.056 39.166
9.072 39.1576
9.088 39.1555
9.104 39.1585
9.12 39.1655
9.136 39.175
9.152 39.1855
9.168 39.1954
9.184 39.203
9.2 39.2065
9.216 39.2043
9.232 39.1947
9.248 39.1761
9.264 39.1474
9.28 39.1073
9.296 39.055
9.312 38.9897
9.328 38.9111
9.344 38.8191
9.36 38.7138
9.376 38.5954
9.392 38.4646
9.408 38.3218
9.424 38.1679
9.44 38.0036
9.456 37.8299
9.472 37.6475
9.488 37.4573
9.504 37.2602
9.52 37.057
9.536 36.8485
9.552 36.6354
9.568 36.4186
9.584 36.1987
9.6 35.9765
9.616 35.7526
9.632 35.5278
9.648 35.3026
9.664 35.0776
9.68 34.8536
9.696 34.6311
9.712 34.4108
9.728 34.1935
9.744 33.9799
9.76 33.7709
9.776 33.5674
9.792 33.3706
9.808 33.1816
9.824 33.0014
9.84 32.8311
9.856 32.6719
9.872 32.5248
9.888 32.3906
9.904 32.2702
9.92 32.1643
9.936 32.0734
9.952 31.998
9.968 31.9385
9.984 31.895
10 31.8677
10.016 31.8565
10.032 31.8611
10.048 31.8811
10.064 31.9161
10.08 31.9652
10.096 32.0276
10.112 32.1021
10.128 32.1874
10.144 32.2823
10.16 32.385
10.176 32.4938
10.192 32.6071
10.208 32.7228
10.224 32.839
10.24 32.9537
10.256 33.0648
10.272 33.1705
10.288 33.2688
10.304 33.3579
10.32 33.4364
10.336 33.5026
10.352 33.5554
10.368 33.5938
10.384 33.6171
10.4 33.6249
10.416 33.617
10.432 33.5935
10.448 33.5546
10.464 33.5008
10.48 33.4327
10.496 33.3511
10.512 33.2567
10.528 33.1504
10.544 33.0328
10.56 32.9049
10.576 32.7674
10.592 32.621
10.608 32.4667
10.624 32.3053
10.64 32.1379
10.656 31.9656
10.672 31.7894
10.688 31.6107
10.704 31.431
10.72 31.2516
10.736 31.0741
10.752 30.9002
10.768 30.7315
10.784 30.5695
10.8 30.4157
10.816 30.2714
10.832 30.1377
10.848 30.0157
10.864 29.906
10.88 29.8091
10.896 29.7254
10.912 29.655
10.928 29.5978
10.944 29.5539
10.96 29.5229
10.976 29.5049
10.992 29.4999
11.008 29.5079
11.024 29.5293
11.04 29.5646
11.056 29.6146
11.072 29.6801
11.088 29.7623
11.104 29.8622
11.12 29.9812
11.136 30.1203
11.152 30.2806
11.168 30.4628
11.184 30.6675
11.2 30.895
11.216 31.145
11.232 31.417
11.248 31.7103
11.264 32.0235
11.28 32.3554
11.296 32.7041
11.312 33.0679
11.328 33.4447
11.344 33.8328
11.36 34.2301
11.376 34.635
11.392 35.0457
11.408 35.4607
11.424 35.8788
11.44 36.2987
11.456 36.7194
11.472 37.14
11.488 37.5595
11.504 37.9772
11.52 38.392
11.536 38.803
11.552 39.2094
11.568 39.6099
11.584 40.0036
11.6 40.3892
11.616 40.7655
11.632 41.1314
11.648 41.4854
11.664 41.8266
11.68 42.1535
11.696 42.4652
11.712 42.7607
11.728 43.0389
11.744 43.2992
11.76 43.5411
11.776 43.7639
11.792 43.9676
11.808 44.152
11.824 44.3171
11.84 44.463
11.856 44.5901
11.872 44.6987
11.888 44.7892
11.904 44.862
11.92 44.9178
11.936 44.9573
11.952 44.981
11.968 44.9896
11.984 44.9838
12 44.9641
12.016 44.9311
12.032 44.885
12.048 44.8258
12.064 44.7536
12.08 44.6678
12.096 44.5677
12.112 44.4525
12.128 44.3208
12.144 44.1712
12.16 44.002
12.176 43.8112
12.192 43.5972
12.208 43.3579
12.224 43.0914
12.24 42.7961
12.256 42.4704
12.272 42.113
12.288 41.7229
12.304 41.2993
12.32 40.8419
12.336 40.3505
12.352 39.8255
12.368 39.2674
12.384 38.6768
12.4 38.0547
12.416 37.4019
12.432 36.7196
12.448 36.0086
12.464 35.2699
12.48 34.5044
12.496 33.7127
12.512 32.8958
12.528 32.0542
12.544 31.1889
12.56 30.3006
12.576 29.3902
12.592 28.4587
12.608 27.5073
12.624 26.5372
12.64 25.55
12.656 24.547
12.672 23.53
12.688 22.5006
12.704 21.4607
12.72 20.4122
12.736 19.3567
12.752 18.2962
12.768 17.2324
12.784 16.167
12.8 15.1016
12.816 14.0377
12.832 12.9766
12.848 11.9196
12.864 10.8676
12.88 9.82159
12.896 8.78236
12.912 7.75058
12.928 6.72683
12.944 5.71167
12.96 4.7056
12.976 3.70918
12.992 2.72297
13.008 1.74763
13.024 0.783839
13.04 -0.167661
13.056 -1.10609
13.072 -2.03066
13.088 -2.94057
13.104 -3.83507
13.12 -4.71351
13.136 -5.57535
13.152 -6.42023
13.168 -7.24801
13.184 -8.05877
13.2 -8.8528
13.216 -9.63066
13.232 -10.3931
13.248 -11.141
13.264 -11.8754
13.28 -12.5974
13.296 -13.3081
13.312 -14.0085
13.328 -14.6994
13.344 -15.3814
13.36 -16.0549
13.376 -16.7201
13.392 -17.3767
13.408 -18.0246
13.424 -18.6632
13.44 -19.2918
13.456 -19.9099
13.472 -20.5165
13.488 -21.1111
13.504 -21.6928
13.52 -22.261
13.536 -22.815
13.552 -23.3544
13.568 -23.8786
13.584 -24.3873
13.6 -24.8801
13.616 -25.3568
13.632 -25.8174
13.648 -26.2618
13.664 -26.6902
13.68 -27.1029
13.696 -27.5004
13.712 -27.8833
13.728 -28.2526
13.744 -28.6093
13.76 -28.9547
13.776 -29.2903
13.792 -29.6179
13.808 -29.9394
13.824 -30.2568
13.84 -30.5722
13.856 -30.8878
13.872 -31.2058
13.888 -31.5281
13.904 -31.8565
13.92 -32.1928
13.936 -32.5385
13.952 -32.8947
13.968 -33.2626
13.984 -33.643
14 -34.0365
14.016 -34.4436
14.032 -34.8647
14.048 -35.3002
14.064 -35.7501
14.08 -36.2146
14.096 -36.6937
14.112 -37.1873
14.128 -37.6954
14.144 -38.2175
14.16 -38.7532
14.176 -39.3019
14.192 -39.8627
14.208 -40.4344
14.224 -41.0156
14.24 -41.6045
14.256 -42.1992
14.272 -42.7975
14.288 -43.3969
14.304 -43.9949
14.32 -44.5887
14.336 -45.1757
14.352 -45.7531
14.368 -46.3181
14.384 -46.868
14.4 -47.4001
14.416 -47.912
14.432 -48.4013
14.448 -48.8658
14.464 -49.3036
14.48 -49.7129
14.496 -50.0924
14.512 -50.441
14.528 -50.7581
14.544 -51.0432
14.56 -51.2963
14.576 -51.5174
14.592 -51.7071
14.608 -51.866
14.624 -51.9949
14.64 -52.0949
14.656 -52.1672
14.672 -52.2131
14.688 -52.2342
14.704 -52.2321
14.72 -52.2087
14.736 -52.1659
14.752 -52.1056
14.768 -52.0299
14.784 -51.9406
14.8 -51.8397
14.816 -51.7289
14.832 -51.6094
14.848 -51.4825
14.864 -51.349
14.88 -51.2094
14.896 -51.0638
14.912 -50.912
14.928 -50.7535
14.944 -50.5877
14.96 -50.4137
14.976 -50.2303
14.992 -50.0366
15.008 -49.8314
15.024 -49.614
15.04 -49.3835
15.056 -49.1395
15.072 -48.8816
15.088 -48.6098
15.104 -48.3242
15.12 -48.0251
15.136 -47.7129
15.152 -47.3879
15.168 -47.0507
15.184 -46.7016
15.2 -46.341
15.216 -45.969
15.232 -45.5859
15.248 -45.1918
15.264 -44.7868
15.28 -44.371
15.296 -43.9445
15.312 -43.5072
15.328 -43.0595
15.344 -42.6014
15.36 -42.1331
15.376 -41.6548
15.392 -41.1667
15.408 -40.669
15.424 -40.1616
15.44 -39.6446
15.456 -39.1176
15.472 -38.5803
15.488 -38.0323
15.504 -37.4729
15.52 -36.9014
15.536 -36.3173
15.552 -35.7197
15.568 -35.1081
15.584 -34.4819
15.6 -33.8406
15.616 -33.1839
15.632 -32.5115
15.648 -31.8232
15.664 -31.1189
15.68 -30.3985
15.696 -29.6618
15.712 -28.9088
15.728 -28.1393
15.744 -27.353
15.76 -26.5496
15.776 -25.7289
15.792 -24.8907
15.808 -24.0345
15.824 -23.1603
15.84 -22.2679
15.856 -21.3574
15.872 -20.4289
15.888 -19.4828
15.904 -18.5197
15.92 -17.5403
15.936 -16.5456
15.952 -15.5366
15.968 -14.5145
15.984 -13.4808
16 -12.4369
16.016 -11.3843
16.032 -10.3249
16.048 -9.2603
16.064 -8.19244
16.08 -7.12327
16.096 -6.05483
16.112 -4.98924
16.128 -3.92867
16.144 -2.87527
16.16 -1.83117
16.176 -0.798386
16.192 0.221264
16.208 1.22614
16.224 2.21489
16.24 3.18642
16.256 4.13997
16.272 5.07506
16.288 5.99158
16.304 6.88972
16.32 7.76996
16.336 8.63301
16.352 9.47982
16.368 10.3115
16.384 11.1292
16.4 11.9342
16.416 12.7278
16.432 13.5111
16.448 14.2852
16.464 15.0511
16.48 15.8097
16.496 16.5614
16.512 17.3066
16.528 18.0456
16.544 18.7783
16.56 19.5042
16.576 20.2229
16.592 20.9337
16.608 21.6354
16.624 22.3269
16.64 23.0069
16.656 23.6737
16.672 24.3258
16.688 24.9613
16.704 25.5784
16.72 26.1752
16.736 26.75
16.752 27.3008
16.768 27.826
16.784 28.3238
16.8 28.7929
16.816 29.2317
16.832 29.639
16.848 30.0137
16.864 30.3548
16.88 30.6616
16.896 30.9337
16.912 31.171
16.928 31.3739
16.944 31.5428
16.96 31.6788
16.976 31.783
16.992 31.8573
17.008 31.9035
17.024 31.9239
17.04 31.9209
17.056 31.8971
17.072 31.855
17.088 31.7972
17.104 31.726
17.12 31.6438
17.136 31.5523
17.152 31.4535
17.168 31.3486
17.184 31.2391
17.2 31.1259
17.216 31.0098
17.232 30.8916
17.248 30.7718
17.264 30.6507
17.28 30.5288
17.296 30.4062
17.312 30.2828
17.328 30.1586
17.344 30.033
17.36 29.9055
17.376 29.775
17.392 29.6406
17.408 29.5007
17.424 29.3538
17.44 29.1983
17.456 29.0323
17.472 28.8541
17.488 28.662
17.504 28.4547
17.52 28.2308
17.536 27.9897
17.552 27.7308
17.568 27.4542
17.584 27.1605
17.6 26.8507
17.616 26.5262
17.632 26.1889
17.648 25.8411
17.664 25.4854
17.68 25.1246
17.696 24.7617
17.712 24.3999
17.728 24.0425
17.744 23.6927
17.76 23.3537
17.776 23.0286
17.792 22.7204
17.808 22.4321
17.824 22.1661
17.84 21.9249
17.856 21.7106
17.872 21.525
17.888 21.3694
17.904 21.245
17.92 21.1522
17.936 21.0915
17.952 21.0623
17.968 21.064
17.984 21.0952
18 21.154
18.016 21.238
18.032 21.3443
18.048 21.4695
18.064 21.61
18.08 21.7617
18.096 21.9204
18.112 22.0818
18.128 22.2418
18.144 22.3963
18.16 22.5414
18.176 22.6737
18.192 22.79
18.208 22.8879
18.224 22.9654
18.24 23.0213
18.256 23.0548
18.272 23.0662
18.288 23.0562
18.304 23.026
18.32 22.9777
18.336 22.9135
18.352 22.8363
18.368 22.749
18.384 22.655
18.4 22.5575
18.416 22.4601
18.432 22.3659
18.448 22.2783
18.464 22.2001
18.48 22.1338
18.496 22.0816
18.512 22.045
18.528 22.0253
18.544 22.0229
18.56 22.038
18.576 22.0704
18.592 22.1193
18.608 22.1838
18.624 22.2631
18.64 22.3559
18.656 22.4611
18.672 22.5774
18.688 22.7036
18.704 22.8382
18.72 22.9797
18.736 23.1261
18.752 23.2753
18.768 23.425
18.784 23.5723
18.8 23.7141
18.816 23.8473
18.832 23.9684
18.848 24.0738
18.864 24.1603
18.88 24.2245
18.896 24.2637
18.912 24.2753
18.928 24.2574
18.944 24.2088
18.96 24.1288
18.976 24.0175
18.992 23.8757
19.008 23.7046
19.024 23.5061
19.04 23.2824
19.056 23.0362
19.072 22.7701
19.088 22.487
19.104 22.1896
19.12 21.8805
19.136 21.5623
19.152 21.2371
19.168 20.9069
19.184 20.5734
19.2 20.2382
19.216 19.9024
19.232 19.5672
19.248 19.2338
19.264 18.9032
19.28 18.5765
19.296 18.255
19.312 17.9399
19.328 17.6327
19.344 17.3349
19.36 17.0483
19.376 16.7744
19.392 16.515
19.408 16.2715
19.424 16.0453
19.44 15.8374
19.456 15.6487
19.472 15.4796
19.488 15.3298
19.504 15.1991
19.52 15.0866
19.536 14.991
19.552 14.911
19.568 14.8452
19.584 14.7921
19.6 14.7503
19.616 14.7185
19.632 14.6952
19.648 14.6795
19.664 14.6703
19.68 14.6668
19.696 14.6684
19.712 14.6749
19.728 14.6864
19.744 14.7031
19.76 14.7257
19.776 14.7549
19.792 14.7916
19.808 14.8368
19.824 14.8911
19.84 14.9556
19.856 15.0308
19.872 15.1172
19.888 15.2153
19.904 15.3249
19.92 15.4459
19.936 15.5777
19.952 15.7194
19.968 15.8697
19.984 16.0274
20 16.1907
20.016 16.3578
20.032 16.5269
20.048 16.6963
20.064 16.8643
20.08 17.0292
20.096 17.1897
20.112 17.3446
20.128 17.4927
20.144 17.6333
20.16 17.7657
20.176 17.8893
20.192 18.0038
20.208 18.109
20.224 18.2046
20.24 18.2907
20.256 18.3674
20.272 18.4349
20.288 18.4936
20.304 18.544
20.32 18.5868
20.336 18.6228
20.352 18.6531
20.368 18.6788
20.384 18.7011
20.4 18.7216
20.416 18.7415
20.432 18.7624
20.448 18.7856
20.464 18.8123
20.48 18.8436
20.496 18.8804
20.512 18.9233
20.528 18.9725
20.544 19.0282
20.56 19.0902
20.576 19.1581
20.592 19.2315
20.608 19.3095
20.624 19.3915
20.64 19.4767
20.656 19.564
20.672 19.6527
20.688 19.7418
20.704 19.8307
20.72 19.9185
20.736 20.0048
20.752 20.0893
20.768 20.1719
20.784 20.2529
20.8 20.3328
20.816 20.4127
20.832 20.4937
20.848 20.5777
20.864 20.6664
20.88 20.762
20.896 20.8668
20.912 20.9833
20.928 21.1139
20.944 21.2609
20.96 21.4267
20.976 21.6133
20.992 21.8226
21.008 22.0564
21.024 22.3161
21.04 22.6028
21.056 22.9176
21.072 23.2611
21.088 23.6336
21.104 24.0352
21.12 24.4658
21.136 24.9246
21.152 25.4109
21.168 25.9231
21.184 26.4598
21.2 27.0188
21.216 27.5979
21.232 28.1946
21.248 28.8063
21.264 29.4302
21.28 30.0637
21.296 30.704
21.312 31.3486
21.328 31.9951
21.344 32.6411
21.36 33.2845
21.376 33.9232
21.392 34.5553
21.408 35.1789
21.424 35.7922
21.44 36.3934
21.456 36.9809
21.472 37.5532
21.488 38.1087
21.504 38.646
21.52 39.1639
21.536 39.6608
21.552 40.1356
21.568 40.5866
21.584 41.0123
21.6 41.411
21.616 41.7809
21.632 42.1201
21.648 42.4266
21.664 42.6987
21.68 42.9347
21.696 43.1332
21.712 43.2931
21.728 43.4137
21.744 43.4947
21.76 43.5364
21.776 43.5391
21.792 43.5039
21.808 43.432
21.824 43.3251
21.84 43.1849
21.856 43.0135
21.872 42.8131
21.888 42.586
21.904 42.3346
21.92 42.0614
21.936 41.7688
21.952 41.4593
21.968 41.1355
21.984 40.8
22 40.4553
22.016 40.104
22.032 39.7488
22.048 39.3923
22.064 39.0371
22.08 38.6858
22.096 38.3411
22.112 38.0053
22.128 37.6807
22.144 37.3697
22.16 37.0743
22.176 36.7964
22.192 36.5377
22.208 36.3
22.224 36.0846
22.24 35.8928
22.256 35.7256
22.272 35.584
22.288 35.4687
22.304 35.3799
22.32 35.3177
22.336 35.2819
22.352 35.2715
22.368 35.2854
22.384 35.3215
22.4 35.3773
22.416 35.4499
22.432 35.5354
22.448 35.6297
22.464 35.728
22.48 35.8253
22.496 35.9161
22.512 35.9949
22.528 36.0562
22.544 36.0943
22.56 36.1039
22.576 36.0796
22.592 36.0166
22.608 35.9103
22.624 35.7562
22.64 35.5506
22.656 35.2902
22.672 34.9721
22.688 34.594
22.704 34.1542
22.72 33.6518
22.736 33.0864
22.752 32.4584
22.768 31.769
22.784 31.0201
22.8 30.2141
22.816 29.3544
22.832 28.4448
22.848 27.4898
22.864 26.4941
22.88 25.463
22.896 24.4019
22.912 23.3165
22.928 22.2123
22.944 21.095
22.96 19.97
22.976 18.8426
22.992 17.7181
23.008 16.6013
23.024 15.4972
23.04 14.4102
23.056 13.3448
23.072 12.3053
23.088 11.2954
23.104 10.3188
23.12 9.37867
23.136 8.47775
23.152 7.61826
23.168 6.80189
23.184 6.02978
23.2 5.30246
23.216 4.61996
23.232 3.9818
23.248 3.38706
23.264 2.83442
23.28 2.32226
23.296 1.84871
23.312 1.41165
23.328 1.00888
23.344 0.638086
23.36 0.296934
23.376 -0.0169012
23.392 -0.305653
23.408 -0.571437
23.424 -0.816184
23.44 -1.04162
23.456 -1.24923
23.472 -1.4403
23.488 -1.61584
23.504 -1.77664
23.52 -1.92326
23.536 -2.05601
23.552 -2.17499
23.568 -2.28016
23.584 -2.37124
23.6 -2.44784
23.616 -2.50952
23.632 -2.55573
23.648 -2.58593
23.664 -2.59954
23.68 -2.59609
23.696 -2.57513
23.712 -2.53632
23.728 -2.47944
23.744 -2.40441
23.76 -2.31128
23.776 -2.20026
23.792 -2.07168
23.808 -1.92603
23.824 -1.76399
23.84 -1.5864
23.856 -1.39426
23.872 -1.18876
23.888 -0.971226
23.904 -0.743169
23.92 -0.506252
23.936 -0.262221
23.952 -0.0129329
23.968 0.239686
23.984 0.493699
24 0.74719
24.016 0.998259
24.032 1.24507
24.048 1.48586
24.064 1.7189
24.08 1.94257
24.096 2.15532
24.112 2.35576
24.128 2.54262
24.144 2.71475
24.16 2.8712
24.176 3.01124
24.192 3.13439
24.208 3.24045
24.224 3.32949
24.24 3.4019
24.256 3.45836
24.272 3.49984
24.288 3.5276
24.304 3.54312
24.32 3.54814
24.336 3.54456
24.352 3.53443
24.368 3.51988
24.384 3.50314
24.4 3.48645
24.416 3.47206
24.432 3.46223
24.448 3.45912
24.464 3.46489
24.48 3.4816
24.496 3.51119
24.512 3.55543
24.528 3.61593
24.544 3.69398
24.56 3.79054
24.576 3.90616
24.592 4.04091
24.608 4.19442
24.624 4.36588
24.64 4.55412
24.656 4.75769
24.672 4.97502
24.688 5.20446
24.704 5.44435
24.72 5.69312
24.736 5.94932
24.752 6.21157
24.768 6.47867
24.784 6.74953
24.8 7.02319
24.816 7.29877
24.832 7.57551
24.848 7.85269
24.864 8.12964
24.88 8.40575
24.896 8.68037
24.912 8.95285
24.928 9.22246
24.944 9.48843
24.96 9.74994
24.976 10.0061
24.992 10.2561
25.008 10.4988
25.024 10.7335
25.04 10.9591
25.056 11.1748
25.072 11.38
25.088 11.5741
25.104 11.7568
25.12 11.928
25.136 12.0877
25.152 12.2363
25.168 12.3741
25.184 12.5019
25.2 12.6203
25.216 12.7299
25.232 12.8317
25.248 12.9263
25.264 13.0147
25.28 13.0977
25.296 13.1759
25.312 13.2505
25.328 13.3224
25.344 13.3926
25.36 13.4623
25.376 13.5329
25.392 13.6056
25.408 13.6819
25.424 13.763
25.44 13.8503
25.456 13.9447
25.472 14.0471
25.488 14.1579
25.504 14.2771
25.52 14.4046
25.536 14.5395
25.552 14.681
25.568 14.8276
25.584 14.978
25.6 15.1305
25.616 15.2834
25.632 15.4351
25.648 15.5838
25.664 15.7281
25.68 15.8663
25.696 15.9969
25.712 16.1184
25.728 16.2295
25.744 16.3286
25.76 16.4142
25.776 16.485
25.792 16.5397
25.808 16.5769
25.824 16.5957
25.84 16.595
25.856 16.5743
25.872 16.5332
25.888 16.4715
25.904 16.3893
25.92 16.2867
25.936 16.1641
25.952 16.0218
25.968 15.8602
25.984 15.6798
26 15.481
26.016 15.2645
26.032 15.031
26.048 14.7815
26.064 14.5171
26.08 14.2394
26.096 13.95
26.112 13.6507
26.128 13.3438
26.144 13.0315
26.16 12.7165
26.176 12.4014
26.192 12.0891
26.208 11.7826
26.224 11.4849
26.24 11.1989
26.256 10.9276
26.272 10.6738
26.288 10.4402
26.304 10.229
26.32 10.0425
26.336 9.88235
26.352 9.74991
26.368 9.6461
26.384 9.57135
26.4 9.52561
26.416 9.50835
26.432 9.51858
26.448 9.55484
26.464 9.61526
26.48 9.69764
26.496 9.79942
26.512 9.91783
26.528 10.0499
26.544 10.1924
26.56 10.342
26.576 10.4956
26.592 10.6497
26.608 10.801
26.624 10.9463
26.64 11.0821
26.656 11.2055
26.672 11.3132
26.688 11.4024
26.704 11.4701
26.72 11.5139
26.736 11.5311
26.752 11.5196
26.768 11.477
26.784 11.4016
26.8 11.2915
26.816 11.1452
26.832 10.9613
26.848 10.7385
26.864 10.4757
26.88 10.1721
26.896 9.82695
26.912 9.43979
26.928 9.01037
26.944 8.53876
26.96 8.02535
26.976 7.4709
26.992 6.87658
27.008 6.24402
27.024 5.57532
27.04 4.87314
27.056 4.14065
27.072 3.38148
27.088 2.59971
27.104 1.79982
27.12 0.986567
27.136 0.16488
27.152 -0.660238
27.168 -1.48383
27.184 -2.30113
27.2 -3.10769
27.216 -3.89942
27.232 -4.67281
27.248 -5.42491
27.264 -6.15344
27.28 -6.85687
27.296 -7.53437
27.312 -8.1859
27.328 -8.81205
27.344 -9.41411
27.36 -9.99391
27.376 -10.5537
27.392 -11.0963
27.408 -11.6246
27.424 -12.1418
27.44 -12.6511
27.456 -13.1558
27.472 -13.6591
27.488 -14.1643
27.504 -14.6743
27.52 -15.192
27.536 -15.7202
27.552 -16.2614
27.568 -16.8177
27.584 -17.3911
27.6 -17.9833
27.616 -18.5954
27.632 -19.2284
27.648 -19.8825
27.664 -20.5577
27.68 -21.2534
27.696 -21.9685
27.712 -22.7016
27.728 -23.4512
27.744 -24.2151
27.76 -24.9916
27.776 -25.7785
27.792 -26.5738
27.808 -27.3757
27.824 -28.1824
27.84 -28.9923
27.856 -29.804
27.872 -30.6163
27.888 -31.4281
27.904 -32.2389
27.92 -33.048
27.936 -33.8553
27.952 -34.6612
27.968 -35.4661
27.984 -36.271
28 -37.0772
28.016 -37.8865
28.032 -38.7009
28.048 -39.523
28.064 -40.3553
28.08 -41.2007
28.096 -42.0621
28.112 -42.9422
28.128 -43.8438
28.144 -44.7692
28.16 -45.7202
28.176 -46.6983
28.192 -47.704
28.208 -48.7377
28.224 -49.7989
28.24 -50.8867
28.256 -51.9996
28.272 -53.136
28.288 -54.2938
28.304 -55.4707
28.32 -56.6646
28.336 -57.8728
28.352 -59.093
28.368 -60.3229
28.384 -61.5599
28.4 -62.8019
28.416 -64.0466
28.432 -65.292
28.448 -66.5361
28.464 -67.7771
28.48 -69.0131
28.496 -70.2425
28.512 -71.4634
28.528 -72.6741
28.544 -73.8728
28.56 -75.0577
28.576 -76.2268
28.592 -77.3782
28.608 -78.5101
28.624 -79.6205
28.64 -80.7079
28.656 -81.7705
28.672 -82.807
28.688 -83.8163
28.704 -84.7975
28.72 -85.75
28.736 -86.6738
28.752 -87.569
28.768 -88.4364
28.784 -89.2768
28.8 -90.0917
28.816 -90.8829
28.832 -91.6522
28.848 -92.402
28.864 -93.1345
28.88 -93.8521
28.896 -94.5572
28.912 -95.252
28.928 -95.9387
28.944 -96.6192
28.96 -97.2953
28.976 -97.9682
28.992 -98.6392
29.008 -99.3089
29.024 -99.9778
29.04 -100.646
29.056 -101.313
29.072 -101.979
29.088 -102.642
29.104 -103.301
29.12 -103.955
29.136 -104.601
29.152 -105.239
29.168 -105.865
29.184 -106.479
29.2 -107.078
29.216 -107.659
29.232 -108.221
29.248 -108.763
29.264 -109.283
29.28 -109.779
29.296 -110.25
29.312 -110.696
29.328 -111.115
29.344 -111.508
29.36 -111.874
29.376 -112.212
29.392 -112.524
29.408 -112.809
29.424 -113.067
29.44 -113.299
29.456 -113.505
29.472 -113.685
29.488 -113.839
29.504 -113.968
29.52 -114.071
29.536 -114.147
29.552 -114.198
29.568 -114.22
29.584 -114.215
29.6 -114.181
29.616 -114.116
29.632 -114.019
29.648 -113.889
29.664 -113.725
29.68 -113.524
29.696 -113.286
29.712 -113.01
29.728 -112.693
29.744 -112.336
29.76 -111.938
29.776 -111.499
29.792 -111.018
29.808 -110.496
29.824 -109.934
29.84 -109.33
29.856 -108.687
29.872 -108.005
29.888 -107.285
29.904 -106.527
29.92 -105.732
29.936 -104.901
29.952 -104.035
29.968 -103.134
29.984 -102.199
30 -101.232
30.016 -100.234
30.032 -99.2063
30.048 -98.1522
30.064 -97.0742
30.08 -95.9754
30.096 -94.8595
30.112 -93.7303
30.128 -92.5921
30.144 -91.4493
30.16 -90.3064
30.176 -89.1679
30.192 -88.0381
30.208 -86.9214
30.224 -85.8216
30.24 -84.7425
30.256 -83.6871
30.272 -82.6584
30.288 -81.6586
30.304 -80.6896
30.32 -79.7526
30.336 -78.8484
30.352 -77.9773
30.368 -77.1391
30.384 -76.3332
30.4 -75.5586
30.416 -74.8142
30.432 -74.0984
30.448 -73.41
30.464 -72.7473
30.48 -72.1092
30.496 -71.4944
30.512 -70.9021
30.528 -70.3317
30.544 -69.7832
30.56 -69.2567
30.576 -68.7527
30.592 -68.2721
30.608 -67.8162
30.624 -67.3864
30.64 -66.9843
30.656 -66.6118
30.672 -66.2706
30.688 -65.9623
30.704 -65.6884
30.72 -65.4501
30.736 -65.2482
30.752 -65.0834
30.768 -64.9557
30.784 -64.8649
30.8 -64.8104
30.816 -64.7912
30.832 -64.8061
30.848 -64.8537
30.864 -64.9324
30.88 -65.0404
30.896 -65.1759
30.912 -65.3369
30.928 -65.5214
30.944 -65.7272
30.96 -65.9521
30.976 -66.1938
30.992 -66.4499
31.008 -66.7178
31.024 -66.9949
31.04 -67.2786
31.056 -67.5661
31.072 -67.8548
31.088 -68.1419
31.104 -68.4249
31.12 -68.7013
31.136 -68.9688
31.152 -69.2254
31.168 -69.4691
31.184 -69.6984
31.2 -69.9119
31.216 -70.1083
31.232 -70.2868
31.248 -70.4465
31.264 -70.5868
31.28 -70.7072
31.296 -70.8073
31.312 -70.887
31.328 -70.946
31.344 -70.9844
31.36 -71.0022
31.376 -70.9997
31.392 -70.9769
31.408 -70.9343
31.424 -70.8721
31.44 -70.7906
31.456 -70.6901
31.472 -70.5706
31.488 -70.4324
31.504 -70.2753
31.52 -70.0992
31.536 -69.9038
31.552 -69.6888
31.568 -69.4537
31.584 -69.198
31.6 -68.9213
31.616 -68.6231
31.632 -68.3033
31.648 -67.9615
31.664 -67.5978
31.68 -67.2126
31.696 -66.8062
31.712 -66.3793
31.728 -65.9328
31.744 -65.4679
31.76 -64.9857
31.776 -64.4875
31.792 -63.9748
31.808 -63.4489
31.824 -62.911
31.84 -62.3621
31.856 -61.8031
31.872 -61.2346
31.888 -60.6569
31.904 -60.07
31.92 -59.4737
31.936 -58.8677
31.952 -58.2513
31.968 -57.6237
31.984 -56.9841
32 -56.3317
32.016 -55.6655
32.032 -54.9849
32.048 -54.2891
32.064 -53.5775
32.08 -52.8498
32.096 -52.1057
32.112 -51.3453
32.128 -50.5689
32.144 -49.777
32.16 -48.9702
32.176 -48.1495
32.192 -47.3159
32.208 -46.4708
32.224 -45.6157
32.24 -44.7524
32.256 -43.8829
32.272 -43.0096
32.288 -42.1351
32.304 -41.2624
32.32 -40.3947
32.336 -39.5356
32.352 -38.6891
32.368 -37.8591
32.384 -37.0498
32.4 -36.2655
32.416 -35.5103
32.432 -34.7882
32.448 -34.1027
32.464 -33.4572
32.48 -32.8543
32.496 -32.2959
32.512 -31.7834
32.528 -31.3173
32.544 -30.8975
32.56 -30.5234
32.576 -30.1937
32.592 -29.9069
32.608 -29.6609
32.624 -29.4539
32.64 -29.2836
32.656 -29.1481
32.672 -29.0452
32.688 -28.9729
32.704 -28.9291
32.72 -28.9118
32.736 -28.9188
32.752 -28.9476
32.768 -28.9957
32.784 -29.0604
32.8 -29.1385
32.816 -29.2269
32.832 -29.322
32.848 -29.4203
32.864 -29.5182
32.88 -29.6122
32.896 -29.6989
32.912 -29.775
32.928 -29.8379
32.944 -29.8851
32.96 -29.9145
32.976 -29.9247
32.992 -29.9144
33.008 -29.883
33.024 -29.8299
33.04 -29.7552
33.056 -29.6589
33.072 -29.5411
33.088 -29.4022
33.104 -29.2424
33.12 -29.0622
33.136 -28.8617
33.152 -28.6413
33.168 -28.401
33.184 -28.1412
33.2 -27.8616
33.216 -27.5624
33.232 -27.2434
33.248 -26.9045
33.264 -26.5454
33.28 -26.1662
33.296 -25.7669
33.312 -25.3475
33.328 -24.9085
33.344 -24.4504
33.36 -23.9737
33.376 -23.4793
33.392 -22.968
33.408 -22.4409
33.424 -21.8989
33.44 -21.343
33.456 -20.774
33.472 -20.1928
33.488 -19.5998
33.504 -18.9956
33.52 -18.3804
33.536 -17.7542
33.552 -17.1166
33.568 -16.4672
33.584 -15.8053
33.6 -15.1299
33.616 -14.4396
33.632 -13.7333
33.648 -13.0095
33.664 -12.2667
33.68 -11.5036
33.696 -10.7189
33.712 -9.91146
33.728 -9.08078
33.744 -8.22659
33.76 -7.3492
33.776 -6.44956
33.792 -5.52924
33.808 -4.59057
33.824 -3.63652
33.84 -2.67075
33.856 -1.69748
33.872 -0.721378
33.888 0.252533
33.904 1.21898
33.92 2.17259
33.936 3.10803
33.952 4.02009
33.968 4.90381
33.984 5.75455
34 6.56806
34.016 7.34061
34.032 8.06894
34.048 8.7504
34.064 9.38288
34.08 9.96498
34.096 10.4959
34.112 10.9756
34.128 11.4047
34.144 11.7843
34.16 12.1164
34.176 12.4033
34.192 12.648
34.208 12.8535
34.224 13.0234
34.24 13.1612
34.256 13.2706
34.272 13.3552
34.288 13.4181
34.304 13.4627
34.32 13.4919
34.336 13.5082
34.352 13.5142
34.368 13.5118
34.384 13.503
34.4 13.4895
34.416 13.4728
34.432 13.4543
34.448 13.4355
34.464 13.4178
34.48 13.4028
34.496 13.3919
34.512 13.3868
34.528 13.3892
34.544 13.4008
34.56 13.4233
34.576 13.4582
34.592 13.507
34.608 13.5709
34.624 13.651
34.64 13.7478
34.656 13.8617
34.672 13.9927
34.688 14.1401
34.704 14.3031
34.72 14.4802
34.736 14.6696
34.752 14.8691
34.768 15.0759
34.784 15.2873
34.8 15.4998
34.816 15.7099
34.832 15.9141
34.848 16.1087
34.864 16.2902
34.88 16.455
34.896 16.6002
34.912 16.7229
34.928 16.8207
34.944 16.892
34.96 16.9352
34.976 16.9497
34.992 16.9349
35.008 16.8908
35.024 16.8178
35.04 16.7163
35.056 16.5869
35.072 16.4304
35.088 16.2477
35.104 16.0393
35.12 15.8062
35.136 15.5488
35.152 15.2676
35.168 14.9631
35.184 14.6356
35.2 14.2852
35.216 13.912
35.232 13.5162
35.248 13.0978
35.264 12.6571
35.28 12.1944
35.296 11.7102
35.312 11.2051
35.328 10.6803
35.344 10.1367
35.36 9.57602
35.376 8.99984
35.392 8.41013
35.408 7.809
35.424 7.19873
35.44 6.58164
35.456 5.96009
35.472 5.33639
35.488 4.71282
35.504 4.09148
35.52 3.47434
35.536 2.86315
35.552 2.25951
35.568 1.6648
35.584 1.08027
35.6 0.506998
35.616 -0.0540694
35.632 -0.602118
35.648 -1.13641
35.664 -1.65635
35.68 -2.16144
35.696 -2.65126
35.712 -3.12552
35.728 -3.58404
35.744 -4.02679
35.76 -4.45392
35.776 -4.86577
35.792 -5.26288
35.808 -5.64607
35.824 -6.01635
35.84 -6.37495
35.856 -6.72336
35.872 -7.06323
35.888 -7.39637
35.904 -7.72476
35.92 -8.05049
35.936 -8.37571
35.952 -8.7026
35.968 -9.03334
35.984 -9.37007
36 -9.71482
36.016 -10.0695
36.032 -10.4358
36.048 -10.815
36.064 -11.2083
36.08 -11.6163
36.096 -12.0391
36.112 -12.4766
36.128 -12.9279
36.144 -13.392
36.16 -13.8674
36.176 -14.3523
36.192 -14.8445
36.208 -15.3419
36.224 -15.8419
36.24 -16.3422
36.256 -16.8402
36.272 -17.3335
36.288 -17.8197
36.304 -18.2968
36.32 -18.7628
36.336 -19.2163
36.352 -19.6559
36.368 -20.0808
36.384 -20.4904
36.4 -20.8843
36.416 -21.2627
36.432 -21.6258
36.448 -21.9739
36.464 -22.3077
36.48 -22.6278
36.496 -22.9351
36.512 -23.2303
36.528 -23.5142
36.544 -23.7874
36.56 -24.0506
36.576 -24.3044
36.592 -24.549
36.608 -24.7847
36.624 -25.0115
36.64 -25.2293
36.656 -25.4379
36.672 -25.6368
36.688 -25.8252
36.704 -26.0025
36.72 -26.1678
36.736 -26.3199
36.752 -26.4579
36.768 -26.5805
36.784 -26.6866
36.8 -26.7751
36.816 -26.8451
36.832 -26.8957
36.848 -26.9263
36.864 -26.9362
36.88 -26.9252
36.896 -26.8932
36.912 -26.8403
36.928 -26.7667
36.944 -26.6731
36.96 -26.56
36.976 -26.4283
36.992 -26.279
37.008 -26.1129
37.024 -25.9312
37.04 -25.7348
37.056 -25.525
37.072 -25.3028
37.088 -25.069
37.104 -24.8247
37.12 -24.5707
37.136 -24.3078
37.152 -24.0365
37.168 -23.7576
37.184 -23.4715
37.2 -23.1789
37.216 -22.8806
37.232 -22.5772
37.248 -22.2696
37.264 -21.959
37.28 -21.6465
37.296 -21.3331
37.312 -21.0203
37.328 -20.7091
37.344 -20.4008
37.36 -20.0963
37.376 -19.7966
37.392 -19.5024
37.408 -19.2144
37.424 -18.933
37.44 -18.6587
37.456 -18.3915
37.472 -18.1317
37.488 -17.8792
37.504 -17.6336
37.52 -17.3947
37.536 -17.1619
37.552 -16.9346
37.568 -16.712
37.584 -16.4932
37.6 -16.2772
37.616 -16.0631
37.632 -15.8498
37.648 -15.6362
37.664 -15.4213
37.68 -15.2039
37.696 -14.983
37.712 -14.7575
37.728 -14.5265
37.744 -14.289
37.76 -14.0443
37.776 -13.7915
37.792 -13.5301
37.808 -13.2595
37.824 -12.9791
37.84 -12.6886
37.856 -12.3876
37.872 -12.0755
37.888 -11.7521
37.904 -11.4167
37.92 -11.0688
37.936 -10.7078
37.952 -10.333
37.968 -9.94374
37.984 -9.5393
38 -9.11908
38.016 -8.68256
38.032 -8.22942
38.048 -7.75955
38.064 -7.27312
38.08 -6.77058
38.096 -6.25268
38.112 -5.72038
38.128 -5.17485
38.144 -4.61731
38.16 -4.0491
38.176 -3.47144
38.192 -2.88545
38.208 -2.29202
38.224 -1.69177
38.24 -1.08509
38.256 -0.472062
38.272 0.147511
38.288 0.77408
38.304 1.40835
38.32 2.05124
38.336 2.70379
38.352 3.3672
38.368 4.04272
38.384 4.73157
38.4 5.43497
38.416 6.15405
38.432 6.88985
38.448 7.64323
38.464 8.41493
38.48 9.20548
38.496 10.0152
38.512 10.8443
38.528 11.6925
38.544 12.5594
38.56 13.4444
38.576 14.3466
38.592 15.2647
38.608 16.1972
38.624 17.1424
38.64 18.0984
38.656 19.0633
38.672 20.0347
38.688 21.0104
38.704 21.9881
38.72 22.9655
38.736 23.9402
38.752 24.9099
38.768 25.8721
38.784 26.8247
38.8 27.7652
38.816 28.6914
38.832 29.6009
38.848 30.4915
38.864 31.3609
38.88 32.207
38.896 33.0276
38.912 33.8206
38.928 34.5842
38.944 35.3167
38.96 36.0166
38.976 36.6825
38.992 37.3134
39.008 37.9086
39.024 38.4676
39.04 38.9903
39.056 39.4769
39.072 39.928
39.088 40.3443
39.104 40.727
39.12 41.0775
39.136 41.3976
39.152 41.6891
39.168 41.954
39.184 42.1944
39.2 42.4126
39.216 42.6107
39.232 42.7912
39.248 42.9562
39.264 43.1081
39.28 43.2492
39.296 43.3819
39.312 43.5087
39.328 43.6317
39.344 43.7533
39.36 43.8756
39.376 44.0005
39.392 44.1297
39.408 44.2645
39.424 44.4058
39.44 44.5544
39.456 44.7103
39.472 44.8734
39.488 45.0432
39.504 45.2189
39.52 45.3993
39.536 45.5831
39.552 45.7688
39.568 45.9548
39.584 46.1394
39.6 46.3208
39.616 46.4974
39.632 46.6672
39.648 46.8287
39.664 46.98
39.68 47.1194
39.696 47.2452
39.712 47.3556
39.728 47.4489
39.744 47.5234
39.76 47.5774
39.776 47.6093
39.792 47.6174
39.808 47.6003
39.824 47.5566
39.84 47.485
39.856 47.3847
39.872 47.2547
39.888 47.0946
39.904 46.9042
39.92 46.6835
39.936 46.4328
39.952 46.1528
39.968 45.8443
39.984 45.5083
40 45.1457
40.016 44.7578
40.032 44.3454
40.048 43.9094
40.064 43.4506
40.08 42.9694
40.096 42.4661
40.112 41.9408
40.128 41.3931
40.144 40.823
40.16 40.2297
40.176 39.613
40.192 38.9721
40.208 38.3068
40.224 37.6168
40.24 36.9022
40.256 36.163
40.272 35.3999
40.288 34.6135
40.304 33.8048
40.32 32.9753
40.336 32.1263
40.352 31.2597
40.368 30.3771
40.384 29.4806
40.4 28.5719
40.416 27.6529
40.432 26.7253
40.448 25.7905
40.464 24.8497
40.48 23.904
40.496 22.9539
40.512 21.9997
40.528 21.0414
40.544 20.079
40.56 19.112
40.576 18.14
40.592 17.1626
40.608 16.1795
40.624 15.1904
40.64 14.1955
40.656 13.1952
40.672 12.1903
40.688 11.182
40.704 10.1715
40.72 9.16096
40.736 8.15233
40.752 7.14811
40.768 6.15096
40.784 5.16379
40.8 4.18967
40.816 3.2319
40.832 2.29391
40.848 1.37933
40.864 0.49194
40.88 -0.364388
40.896 -1.18566
40.912 -1.96786
40.928 -2.707
40.944 -3.3992
40.96 -4.04089
40.976 -4.62882
40.992 -5.16027
41.008 -5.63316
41.024 -6.04609
41.04 -6.3984
41.056 -6.6902
41.072 -6.92234
41.088 -7.09635
41.104 -7.2144
41.12 -7.27918
41.136 -7.29382
41.152 -7.26179
41.168 -7.18679
41.184 -7.07263
41.2 -6.92313
41.216 -6.74206
41.232 -6.53297
41.248 -6.29918
41.264 -6.04366
41.28 -5.76896
41.296 -5.47725
41.312 -5.17026
41.328 -4.84931
41.344 -4.51531
41.36 -4.16879
41.376 -3.81001
41.392 -3.43898
41.408 -3.05558
41.424 -2.65967
41.44 -2.25115
41.456 -1.83012
41.472 -1.39694
41.488 -0.952273
41.504 -0.497122
41.52 -0.0328012
41.536 0.439139
41.552 0.916949
41.568 1.39878
41.584 1.88277
41.6 2.36712
41.616 2.85012
41.632 3.33019
41.648 3.80592
41.664 4.2761
41.68 4.73971
41.696 5.19598
41.712 5.6444
41.728 6.08477
41.744 6.51724
41.76 6.9423
41.776 7.36082
41.792 7.77401
41.808 8.18335
41.824 8.5906
41.84 8.99767
41.856 9.40653
41.872 9.8191
41.888 10.2372
41.904 10.6624
41.92 11.0958
41.936 11.5385
41.952 11.9908
41.968 12.4529
41.984 12.9244
42 13.4045
42.016 13.8924
42.032 14.3868
42.048 14.8864
42.064 15.3895
42.08 15.8946
42.096 16.4003
42.112 16.9049
42.128 17.407
42.144 17.9051
42.16 18.398
42.176 18.8844
42.192 19.3631
42.208 19.833
42.224 20.2928
42.24 20.7415
42.256 21.1779
42.272 21.6009
42.288 22.0093
42.304 22.402
42.32 22.7776
42.336 23.1347
42.352 23.4721
42.368 23.7881
42.384 24.0815
42.4 24.3507
42.416 24.5944
42.432 24.8115
42.448 25.0008
42.464 25.1617
42.48 25.2938
42.496 25.3971
42.512 25.4718
42.528 25.5189
42.544 25.5398
42.56 25.5363
42.576 25.5104
42.592 25.4647
42.608 25.4018
42.624 25.3245
42.64 25.2354
42.656 25.1372
42.672 25.0323
42.688 24.9226
42.704 24.8099
42.72 24.6957
42.736 24.581
42.752 24.4666
42.768 24.3532
42.784 24.2412
42.8 24.1309
42.816 24.0227
42.832 23.9168
42.848 23.8137
42.864 23.7136
42.88 23.617
42.896 23.5244
42.912 23.4364
42.928 23.3535
42.944 23.2765
42.96 23.2058
42.976 23.1421
42.992 23.0859
43.008 23.0376
43.024 22.9977
43.04 22.9663
43.056 22.9438
43.072 22.9302
43.088 22.9256
43.104 22.9299
43.12 22.9432
43.136 22.9653
43.152 22.9962
43.168 23.0359
43.184 23.0842
43.2 23.1411
43.216 23.2066
43.232 23.2806
43.248 23.363
43.264 23.4537
43.28 23.5526
43.296 23.6593
43.312 23.7737
43.328 23.8952
43.344 24.0234
43.36 24.1576
43.376 24.2971
43.392 24.4411
43.408 24.5888
43.424 24.7392
43.44 24.8913
43.456 25.0445
43.472 25.1977
43.488 25.3506
43.504 25.5026
43.52 25.6537
43.536 25.804
43.552 25.9541
43.568 26.1049
43.584 26.2576
43.6 26.4138
43.616 26.5755
43.632 26.745
43.648 26.9246
43.664 27.1169
43.68 27.3245
43.696 27.55
43.712 27.7958
43.728 28.0641
43.744 28.3568
43.76 28.6754
43.776 29.0209
43.792 29.3934
43.808 29.7929
43.824 30.2182
43.84 30.6678
43.856 31.1394
43.872 31.6301
43.888 32.1367
43.904 32.6554
43.92 33.1824
43.936 33.7135
43.952 34.2446
43.968 34.7717
43.984 35.2909
44 35.7986
44.016 36.2914
44.032 36.7664
44.048 37.221
44.064 37.653
44.08 38.061
44.096 38.4439
44.112 38.801
44.128 39.1324
44.144 39.4388
44.16 39.7212
44.176 39.9811
44.192 40.2205
44.208 40.4415
44.224 40.6465
44.24 40.8379
44.256 41.018
44.272 41.1889
44.288 41.3526
44.304 41.5108
44.32 41.6649
44.336 41.8159
44.352 41.9649
44.368 42.1124
44.384 42.2591
44.4 42.4052
44.416 42.5511
44.432 42.6967
44.448 42.8421
44.464 42.9871
44.48 43.1314
44.496 43.2747
44.512 43.4163
44.528 43.5555
44.544 43.6918
44.56 43.8242
44.576 43.9519
44.592 44.0743
44.608 44.1906
44.624 44.3002
44.64 44.4029
44.656 44.4985
44.672 44.587
44.688 44.6691
44.704 44.7456
44.72 44.8175
44.736 44.8865
44.752 44.9544
44.768 45.0233
44.784 45.0957
44.8 45.1741
44.816 45.2612
44.832 45.3598
44.848 45.4728
44.864 45.6029
44.88 45.7532
44.896 45.9265
44.912 46.1254
44.928 46.3526
44.944 46.6107
44.96 46.9019
44.976 47.228
44.992 47.5907
45.008 47.9908
45.024 48.4291
45.04 48.9054
45.056 49.4195
45.072 49.9703
45.088 50.5567
45.104 51.1772
45.12 51.83
45.136 52.5133
45.152 53.2253
45.168 53.9639
45.184 54.7271
45.2 55.5131
45.216 56.3197
45.232 57.145
45.248 57.9871
45.264 58.8439
45.28 59.7132
45.296 60.5928
45.312 61.4803
45.328 62.3733
45.344 63.2693
45.36 64.1656
45.376 65.0597
45.392 65.9491
45.408 66.8312
45.424 67.7038
45.44 68.5648
45.456 69.4122
45.472 70.2442
45.488 71.0595
45.504 71.8568
45.52 72.6352
45.536 73.3939
45.552 74.1323
45.568 74.8498
45.584 75.5457
45.6 76.219
45.616 76.8685
45.632 77.4921
45.648 78.0875
45.664 78.6518
45.68 79.1817
45.696 79.6736
45.712 80.1238
45.728 80.5287
45.744 80.8848
45.76 81.1888
45.776 81.4378
45.792 81.6288
45.808 81.7596
45.824 81.8281
45.84 81.8324
45.856 81.7712
45.872 81.6433
45.888 81.448
45.904 81.1852
45.92 80.8548
45.936 80.4575
45.952 79.9941
45.968 79.4661
45.984 78.8754
46 78.2243
46.016 77.5152
46.032 76.7513
46.048 75.9358
46.064 75.072
46.08 74.1637
46.096 73.2145
46.112 72.2281
46.128 71.2081
46.144 70.1582
46.16 69.082
46.176 67.9827
46.192 66.8635
46.208 65.7275
46.224 64.5775
46.24 63.4159
46.256 62.2452
46.272 61.0674
46.288 59.8844
46.304 58.6979
46.32 57.5096
46.336 56.3209
46.352 55.1331
46.368 53.9473
46.384 52.7647
46.4 51.5861
46.416 50.4124
46.432 49.2445
46.448 48.083
46.464 46.9285
46.48 45.7818
46.496 44.6433
46.512 43.5135
46.528 42.3931
46.544 41.2825
46.56 40.1822
46.576 39.0928
46.592 38.015
46.608 36.9494
46.624 35.897
46.64 34.8586
46.656 33.8354
46.672 32.8285
46.688 31.8393
46.704 30.8689
46.72 29.9187
46.736 28.9899
46.752 28.0838
46.768 27.2013
46.784 26.3435
46.8 25.511
46.816 24.7046
46.832 23.9249
46.848 23.1724
46.864 22.4474
46.88 21.7502
46.896 21.0812
46.912 20.4406
46.928 19.8284
46.944 19.2447
46.96 18.6894
46.976 18.1623
46.992 17.6627
47.008 17.1902
47.024 16.7438
47.04 16.3224
47.056 15.9244
47.072 15.5484
47.088 15.1924
47.104 14.8542
47.12 14.5317
47.136 14.2226
47.152 13.9243
47.168 13.6346
47.184 13.3511
47.2 13.0716
47.216 12.7939
47.232 12.5163
47.248 12.2371
47.264 11.9546
47.28 11.6679
47.296 11.3757
47.312 11.0772
47.328 10.7719
47.344 10.4593
47.36 10.1392
47.376 9.8113
47.392 9.4758
47.408 9.13288
47.424 8.78289
47.44 8.42643
47.456 8.06422
47.472 7.69721
47.488 7.3265
47.504 6.95338
47.52 6.57927
47.536 6.20572
47.552 5.83434
47.568 5.46674
47.584 5.10451
47.6 4.74916
47.616 4.40212
47.632 4.06463
47.648 3.73779
47.664 3.42245
47.68 3.11919
47.696 2.82838
47.712 2.55014
47.728 2.28437
47.744 2.03077
47.76 1.78885
47.776 1.55796
47.792 1.33734
47.808 1.12617
47.824 0.923495
47.84 0.728345
47.856 0.539656
47.872 0.356355
47.888 0.177358
47.904 0.00156033
47.92 -0.17213
47.936 -0.344786
47.952 -0.517438
47.968 -0.691089
47.984 -0.866687
48 -1.04511
