1e-10 10.9986
1e-10 10.9987
1e-10 10.9979
1.83333 1.83261
1e-10 10.9983
1e-10 10.9983
3.66667 3.66616
1e-10 0.000239926
1e-10 0.000591908
5.5 5.50169
1e-10 0.0022315
1e-10 10.9993
7.33333 7.33457
1e-10 0.00076389
1e-10 10.9989
9.16667 9.16649
1e-10 0.00233612
1e-10 10.999
0.916667 0.91767
0.916667 0.917054
1e-10 0.000721881
2.75 2.75136
0.916667 0.919067
1e-10 10.999
4.58333 4.58286
0.916667 0.918188
1e-10 10.9996
6.41667 6.41785
0.916667 0.916412
1e-10 10.9987
8.25 8.25163
0.916667 0.915576
1e-10 0.00126565
10.0833 10.084
0.916667 0.91601
1e-10 10.9996
1e-10 10.9977
1.83333 1.83247
1e-10 10.9996
1.83333 1.83446
1.83333 1.83328
1e-10 0.000914808
3.66667 3.66544
1.83333 1.83394
1e-10 0.00124007
5.5 5.49864
1.83333 1.83475
1e-10 10.9998
7.33333 7.33329
1.83333 1.83313
1e-10 0.00196467
9.16667 9.16575
1.83333 1.83254
1e-10 0.00165493
0.916667 0.917043
2.75 2.75035
1e-10 0.000629042
2.75 2.75192
2.75 2.74977
1e-10 10.9993
4.58333 4.58355
2.75 2.74893
1e-10 10.9974
6.41667 6.41622
2.75 2.74946
1e-10 10.9997
8.25 8.25195
2.75 2.74987
1e-10 0.000874152
10.0833 10.0838
2.75 2.74874
1e-10 0.000291777
1e-10 10.9996
3.66667 3.66573
1e-10 0.00026533
1.83333 1.83442
3.66667 3.6665
1e-10 10.9991
3.66667 3.66585
3.66667 3.66499
1e-10 10.9978
5.5 5.50027
3.66667 3.66851
1e-10 0.000782456
7.33333 7.33232
3.66667 3.66848
1e-10 0.00119286
9.16667 9.16719
3.66667 3.66878
1e-10 10.999
0.916667 0.916863
4.58333 4.58122
1e-10 10.9995
2.75 2.74954
4.58333 4.58276
1e-10 0.0018377
4.58333 4.58357
4.58333 4.58367
1e-10 0.000516023
6.41667 6.41779
4.58333 4.58314
1e-10 10.9993
8.25 8.24984
4.58333 4.58441
1e-10 0.00188789
10.0833 10.0838
4.58333 4.58556
1e-10 10.998
1e-10 0.00137514
5.5 5.50115
1e-10 0.00106714
1.83333 1.83348
5.5 5.50029
1e-10 0.00145669
3.66667 3.66668
5.5 5.49822
1e-10 10.999
5.5 5.50307
5.5 5.50017
1e-10 0.000387301
7.33333 7.33293
5.5 5.49888
1e-10 10.9984
9.16667 9.16576
5.5 5.49989
1e-10 10.9988
0.916667 0.918262
6.41667 6.41751
1e-10 10.9993
2.75 2.75227
6.41667 6.41535
1e-10 0.000853386
4.58333 4.58399
6.41667 6.41581
1e-10 0.000979563
6.41667 6.41697
6.41667 6.41797
1e-10 0.00128721
8.25 8.24955
6.41667 6.41659
1e-10 10.9993
10.0833 10.086
6.41667 6.41675
1e-10 10.9994
1e-10 0.000634355
7.33333 7.33343
1e-10 0.000722542
1.83333 1.83338
7.33333 7.33281
1e-10 10.9984
3.66667 3.6666
7.33333 7.33467
1e-10 0.000362587
5.5 5.50017
7.33333 7.33336
1e-10 0.000622046
7.33333 7.33354
7.33333 7.33359
1e-10 10.9995
9.16667 9.16677
7.33333 7.33303
1e-10 0.00164831
0.916667 0.916885
8.25 8.25152
1e-10 0.00130128
2.75 2.74998
8.25 8.24975
1e-10 0.00111596
4.58333 4.58291
8.25 8.24956
1e-10 0.00106344
6.41667 6.41536
8.25 8.24861
1e-10 10.9997
8.25 8.24922
8.25 8.25168
1e-10 0.000831125
10.0833 10.0832
8.25 8.24838
1e-10 10.9985
1e-10 0.000715114
9.16667 9.16601
1e-10 10.9995
1.83333 1.83428
9.16667 9.1662
1e-10 10.9984
3.66667 3.66637
9.16667 9.1674
1e-10 10.9997
5.5 5.49942
9.16667 9.16806
1e-10 0.00134405
7.33333 7.33238
9.16667 9.16408
1e-10 0.000335781
9.16667 9.16544
9.16667 9.16758
1e-10 10.9989
0.916667 0.916314
10.0833 10.0837
1e-10 0.000702918
2.75 2.75003
10.0833 10.0852
1e-10 10.9996
4.58333 4.58391
10.0833 10.0834
1e-10 0.0003607
6.41667 6.41749
10.0833 10.0841
1e-10 10.9982
8.25 8.25075
10.0833 10.0831
1e-10 10.9994
10.0833 10.0827
10.0833 10.0819
1e-10 10.999
0.916667 0.919788
1e-10 0.000359609
0.916667 0.915424
2.75 2.74774
1e-10 10.9991
0.916667 0.914995
4.58333 4.58454
1e-10 0.000979798
0.916667 0.918131
6.41667 6.41679
1e-10 0.000509179
0.916667 0.916909
8.25 8.24945
1e-10 10.9992
0.916667 0.915982
10.0833 10.0842
1e-10 0.000622217
0.916667 0.917173
1e-10 0.000841211
0.916667 0.915176
0.916667 0.918642
1.83333 1.8347
0.916667 0.917577
0.916667 0.917244
3.66667 3.66618
0.916667 0.916174
0.916667 0.91732
5.5 5.49827
0.916667 0.916377
0.916667 0.916208
7.33333 7.33305
0.916667 0.915361
0.916667 0.917598
9.16667 9.16655
0.916667 0.915266
0.916667 0.916331
0.916667 0.9161
1.83333 1.83197
0.916667 0.916797
2.75 2.74941
1.83333 1.83302
0.916667 0.917509
4.58333 4.58202
1.83333 1.83257
0.916667 0.916406
6.41667 6.41583
1.83333 1.83382
0.916667 0.916948
8.25 8.25036
1.83333 1.83387
0.916667 0.916892
10.0833 10.0828
1.83333 1.83216
0.916667 0.916215
1e-10 0.00084611
2.75 2.7506
0.916667 0.916368
1.83333 1.83351
2.75 2.74886
0.916667 0.917124
3.66667 3.66955
2.75 2.75064
0.916667 0.916653
5.5 5.50024
2.75 2.75046
0.916667 0.91571
7.33333 7.33235
2.75 2.74985
0.916667 0.916319
9.16667 9.16823
2.75 2.74977
0.916667 0.916771
0.916667 0.916844
3.66667 3.66795
0.916667 0.914723
2.75 2.75037
3.66667 3.66711
0.916667 0.91689
4.58333 4.58292
3.66667 3.66553
0.916667 0.916733
6.41667 6.41669
3.66667 3.66659
0.916667 0.916634
8.25 8.24947
3.66667 3.66809
0.916667 0.916857
10.0833 10.0838
3.66667 3.66635
0.916667 0.91826
1e-10 10.9984
4.58333 4.58259
0.916667 0.91694
1.83333 1.83238
4.58333 4.58309
0.916667 0.916345
3.66667 3.66687
4.58333 4.58186
0.916667 0.916486
5.5 5.49845
4.58333 4.58318
0.916667 0.918179
7.33333 7.33239
4.58333 4.58155
0.916667 0.918169
9.16667 9.16758
4.58333 4.58264
0.916667 0.917723
0.916667 0.916797
5.5 5.50067
0.916667 0.91834
2.75 2.75059
5.5 5.49956
0.916667 0.915036
4.58333 4.58302
5.5 5.50133
0.916667 0.917205
6.41667 6.41569
5.5 5.50003
0.916667 0.917069
8.25 8.25061
5.5 5.50041
0.916667 0.915997
10.0833 10.0828
5.5 5.49982
0.916667 0.917353
1e-10 10.999
6.41667 6.41695
0.916667 0.917779
1.83333 1.83231
6.41667 6.41431
0.916667 0.918732
3.66667 3.66746
6.41667 6.41611
0.916667 0.916574
5.5 5.50019
6.41667 6.41681
0.916667 0.916448
7.33333 7.33453
6.41667 6.41839
0.916667 0.915646
9.16667 9.16642
6.41667 6.41865
0.916667 0.9165
0.916667 0.919574
7.33333 7.33264
0.916667 0.915797
2.75 2.7483
7.33333 7.33448
0.916667 0.916721
4.58333 4.58353
7.33333 7.33398
0.916667 0.917203
6.41667 6.41854
7.33333 7.33145
0.916667 0.916872
8.25 8.24872
7.33333 7.33251
0.916667 0.91629
10.0833 10.0831
7.33333 7.33384
0.916667 0.915819
1e-10 10.9995
8.25 8.25149
0.916667 0.91602
1.83333 1.83292
8.25 8.24877
0.916667 0.914887
3.66667 3.66839
8.25 8.25189
0.916667 0.916256
5.5 5.50149
8.25 8.24999
0.916667 0.916308
7.33333 7.33303
8.25 8.2497
0.916667 0.916634
9.16667 9.16594
8.25 8.24943
0.916667 0.915496
0.916667 0.916805
9.16667 9.16569
0.916667 0.917031
2.75 2.74823
9.16667 9.16589
0.916667 0.916605
4.58333 4.58471
9.16667 9.16576
0.916667 0.917105
6.41667 6.41622
9.16667 9.16885
0.916667 0.915786
8.25 8.25145
9.16667 9.16578
0.916667 0.916231
10.0833 10.0838
9.16667 9.16743
0.916667 0.916107
1e-10 10.9994
10.0833 10.0833
0.916667 0.917517
1.83333 1.83312
10.0833 10.0838
0.916667 0.916936
3.66667 3.6668
10.0833 10.0829
0.916667 0.915644
5.5 5.49954
10.0833 10.0825
0.916667 0.916835
7.33333 7.33541
10.0833 10.0811
0.916667 0.916953
9.16667 9.1685
10.0833 10.0835
0.916667 0.916898
1e-10 0.0020353
1e-10 10.9979
1.83333 1.83222
1.83333 1.83488
1e-10 0.00213922
1.83333 1.83366
3.66667 3.66451
1e-10 10.9992
1.83333 1.83412
5.5 5.50038
1e-10 0.000550242
1.83333 1.83592
7.33333 7.33222
1e-10 10.9997
1.83333 1.83381
9.16667 9.16365
1e-10 0.000543514
1.83333 1.83362
0.916667 0.916598
0.916667 0.917566
1.83333 1.83384
2.75 2.74842
0.916667 0.915985
1.83333 1.83212
4.58333 4.58648
0.916667 0.916442
1.83333 1.83135
6.41667 6.41721
0.916667 0.9175
1.83333 1.83234
8.25 8.24916
0.916667 0.916069
1.83333 1.83191
10.0833 10.0824
0.916667 0.917038
1.83333 1.83329
1e-10 10.9994
1.83333 1.835
1.83333 1.83366
1.83333 1.83285
1.83333 1.83263
1.83333 1.83384
3.66667 3.66637
1.83333 1.83349
1.83333 1.83311
5.5 5.50046
1.83333 1.83383
1.83333 1.83222
7.33333 7.33285
1.83333 1.83231
1.83333 1.83387
9.16667 9.1657
1.83333 1.83382
1.83333 1.83299
0.916667 0.916242
2.75 2.74947
1.83333 1.83271
2.75 2.74995
2.75 2.74909
1.83333 1.83316
4.58333 4.58462
2.75 2.74956
1.83333 1.83201
6.41667 6.41664
2.75 2.75007
1.83333 1.83489
8.25 8.24992
2.75 2.74982
1.83333 1.83367
10.0833 10.085
2.75 2.7497
1.83333 1.83161
1e-10 0.000372858
3.66667 3.66686
1.83333 1.83136
1.83333 1.83313
3.66667 3.66522
1.83333 1.83222
3.66667 3.66414
3.66667 3.66646
1.83333 1.83359
5.5 5.50059
3.66667 3.66808
1.83333 1.83424
7.33333 7.33449
3.66667 3.66734
1.83333 1.83384
9.16667 9.1663
3.66667 3.6676
1.83333 1.83322
0.916667 0.917388
4.58333 4.58287
1.83333 1.83241
2.75 2.74922
4.58333 4.58306
1.83333 1.83281
4.58333 4.58327
4.58333 4.58244
1.83333 1.83322
6.41667 6.41726
4.58333 4.5842
1.83333 1.83448
8.25 8.24956
4.58333 4.58366
1.83333 1.83361
10.0833 10.0835
4.58333 4.58326
1.83333 1.83288
1e-10 10.9992
5.5 5.50042
1.83333 1.83377
1.83333 1.83229
5.5 5.49985
1.83333 1.83213
3.66667 3.66454
5.5 5.49775
1.83333 1.83145
5.5 5.49824
5.5 5.50088
1.83333 1.83335
7.33333 7.33284
5.5 5.5005
1.83333 1.83343
9.16667 9.16638
5.5 5.49817
1.83333 1.83213
0.916667 0.916345
6.41667 6.41807
1.83333 1.83364
2.75 2.74996
6.41667 6.4166
1.83333 1.83372
4.58333 4.58349
6.41667 6.41422
1.83333 1.83341
6.41667 6.41825
6.41667 6.41677
1.83333 1.83381
8.25 8.24998
6.41667 6.41715
1.83333 1.83388
10.0833 10.083
6.41667 6.41771
1.83333 1.83428
1e-10 0.00149416
7.33333 7.33365
1.83333 1.83463
1.83333 1.83324
7.33333 7.33241
1.83333 1.83348
3.66667 3.66578
7.33333 7.33339
1.83333 1.83131
5.5 5.49919
7.33333 7.33423
1.83333 1.83132
7.33333 7.33237
7.33333 7.33269
1.83333 1.83415
9.16667 9.16531
7.33333 7.33265
1.83333 1.8335
0.916667 0.917022
8.25 8.25276
1.83333 1.83381
2.75 2.7497
8.25 8.24997
1.83333 1.83243
4.58333 4.58306
8.25 8.24933
1.83333 1.83361
6.41667 6.41779
8.25 8.25151
1.83333 1.83448
8.25 8.25039
8.25 8.25049
1.83333 1.83164
10.0833 10.0832
8.25 8.24986
1.83333 1.8339
1e-10 0.00137902
9.16667 9.166
1.83333 1.83401
1.83333 1.83283
9.16667 9.16591
1.83333 1.83413
3.66667 3.66442
9.16667 9.16547
1.83333 1.83271
5.5 5.49938
9.16667 9.16698
1.83333 1.83267
7.33333 7.33239
9.16667 9.16754
1.83333 1.83368
9.16667 9.16677
9.16667 9.16383
1.83333 1.83279
0.916667 0.916616
10.0833 10.0831
1.83333 1.83414
2.75 2.74984
10.0833 10.0848
1.83333 1.83385
4.58333 4.58265
10.0833 10.0826
1.83333 1.83519
6.41667 6.41842
10.0833 10.0847
1.83333 1.8336
8.25 8.25042
10.0833 10.0822
1.83333 1.83247
10.0833 10.0834
10.0833 10.0843
1.83333 1.83294
0.916667 0.917631
1e-10 10.9994
2.75 2.75192
2.75 2.75038
1e-10 10.9968
2.75 2.74984
4.58333 4.58232
1e-10 0.000431924
2.75 2.74836
6.41667 6.41663
1e-10 10.9992
2.75 2.74928
8.25 8.25142
1e-10 10.998
2.75 2.74982
10.0833 10.0824
1e-10 0.000261504
2.75 2.74977
1e-10 10.9991
0.916667 0.917012
2.75 2.75
1.83333 1.83197
0.916667 0.917385
2.75 2.74928
3.66667 3.66559
0.916667 0.91751
2.75 2.75048
5.5 5.49986
0.916667 0.91496
2.75 2.7506
7.33333 7.33441
0.916667 0.916878
2.75 2.75099
9.16667 9.16713
0.916667 0.917484
2.75 2.75213
0.916667 0.918078
1.83333 1.8337
2.75 2.74931
2.75 2.74969
1.83333 1.83481
2.75 2.74905
4.58333 4.58385
1.83333 1.83243
2.75 2.74911
6.41667 6.41667
1.83333 1.83397
2.75 2.75063
8.25 8.24814
1.83333 1.83246
2.75 2.75105
10.0833 10.0826
1.83333 1.83091
2.75 2.74888
1e-10 0.00101687
2.75 2.75046
2.75 2.75155
1.83333 1.83285
2.75 2.75046
2.75 2.74949
3.66667 3.66716
2.75 2.74945
2.75 2.75023
5.5 5.5012
2.75 2.75095
2.75 2.74953
7.33333 7.33265
2.75 2.75167
2.75 2.74965
9.16667 9.16549
2.75 2.7489
2.75 2.75187
0.916667 0.917482
3.66667 3.66656
2.75 2.75021
2.75 2.74989
3.66667 3.66614
2.75 2.74997
4.58333 4.58185
3.66667 3.6686
2.75 2.74968
6.41667 6.41683
3.66667 3.66807
2.75 2.74923
8.25 8.25048
3.66667 3.66637
2.75 2.7516
10.0833 10.0821
3.66667 3.66743
2.75 2.75119
1e-10 10.999
4.58333 4.5839
2.75 2.74852
1.83333 1.83501
4.58333 4.58439
2.75 2.75216
3.66667 3.66629
4.58333 4.58319
2.75 2.75034
5.5 5.49895
4.58333 4.58249
2.75 2.75109
7.33333 7.33385
4.58333 4.58176
2.75 2.75075
9.16667 9.16612
4.58333 4.5841
2.75 2.75009
0.916667 0.918062
5.5 5.49903
2.75 2.74962
2.75 2.75017
5.5 5.4988
2.75 2.75121
4.58333 4.58442
5.5 5.50017
2.75 2.75054
6.41667 6.41662
5.5 5.5012
2.75 2.7504
8.25 8.24967
5.5 5.50068
2.75 2.74899
10.0833 10.0832
5.5 5.50008
2.75 2.75059
1e-10 10.9991
6.41667 6.41752
2.75 2.75024
1.83333 1.83458
6.41667 6.41683
2.75 2.7495
3.66667 3.66705
6.41667 6.41793
2.75 2.75051
5.5 5.5004
6.41667 6.41728
2.75 2.74975
7.33333 7.33308
6.41667 6.41668
2.75 2.74948
9.16667 9.16675
6.41667 6.41785
2.75 2.74999
0.916667 0.915561
7.33333 7.33433
2.75 2.75086
2.75 2.75135
7.33333 7.33279
2.75 2.75034
4.58333 4.58478
7.33333 7.333
2.75 2.75099
6.41667 6.41822
7.33333 7.33407
2.75 2.74747
8.25 8.2506
7.33333 7.33191
2.75 2.7513
10.0833 10.0825
7.33333 7.33282
2.75 2.74946
1e-10 10.9982
8.25 8.24938
2.75 2.74915
1.83333 1.83339
8.25 8.25075
2.75 2.74935
3.66667 3.66547
8.25 8.24956
2.75 2.75002
5.5 5.4994
8.25 8.24961
2.75 2.74871
7.33333 7.33428
8.25 8.2502
2.75 2.75058
9.16667 9.16739
8.25 8.25089
2.75 2.74855
0.916667 0.916288
9.16667 9.16573
2.75 2.75024
2.75 2.75048
9.16667 9.16597
2.75 2.75125
4.58333 4.5844
9.16667 9.1655
2.75 2.74818
6.41667 6.41593
9.16667 9.16741
2.75 2.7504
8.25 8.24799
9.16667 9.16617
2.75 2.75276
10.0833 10.0832
9.16667 9.16851
2.75 2.7512
1e-10 0.00226174
10.0833 10.0848
2.75 2.74987
1.83333 1.83161
10.0833 10.0832
2.75 2.75081
3.66667 3.66685
10.0833 10.0843
2.75 2.75085
5.5 5.4995
10.0833 10.0827
2.75 2.74963
7.33333 7.33328
10.0833 10.0829
2.75 2.74941
9.16667 9.16803
10.0833 10.0841
2.75 2.74934
1e-10 0.00154042
1e-10 0.00124648
3.66667 3.66552
1.83333 1.83248
1e-10 10.9989
3.66667 3.66803
3.66667 3.66751
1e-10 0.00147032
3.66667 3.66683
5.5 5.49944
1e-10 0.00179653
3.66667 3.66592
7.33333 7.33146
1e-10 0.00124422
3.66667 3.66768
9.16667 9.16705
1e-10 0.00116797
3.66667 3.66715
0.916667 0.915688
0.916667 0.916406
3.66667 3.66518
2.75 2.74908
0.916667 0.916218
3.66667 3.66699
4.58333 4.58329
0.916667 0.917947
3.66667 3.66711
6.41667 6.41652
0.916667 0.917333
3.66667 3.66675
8.25 8.25115
0.916667 0.91552
3.66667 3.66724
10.0833 10.0813
0.916667 0.916888
3.66667 3.66493
1e-10 0.000607606
1.83333 1.83486
3.66667 3.66789
1.83333 1.83262
1.83333 1.83247
3.66667 3.66779
3.66667 3.6682
1.83333 1.83422
3.66667 3.66736
5.5 5.49899
1.83333 1.83263
3.66667 3.6664
7.33333 7.33365
1.83333 1.8334
3.66667 3.66635
9.16667 9.16559
1.83333 1.83323
3.66667 3.66569
0.916667 0.917759
2.75 2.74922
3.66667 3.66742
2.75 2.74941
2.75 2.74813
3.66667 3.66831
4.58333 4.58591
2.75 2.74936
3.66667 3.6664
6.41667 6.41533
2.75 2.75048
3.66667 3.66644
8.25 8.25002
2.75 2.74852
3.66667 3.66555
10.0833 10.083
2.75 2.74986
3.66667 3.66778
1e-10 10.9993
3.66667 3.66669
3.66667 3.66525
1.83333 1.83321
3.66667 3.66518
3.66667 3.66709
3.66667 3.66681
3.66667 3.66745
3.66667 3.66787
5.5 5.50033
3.66667 3.6664
3.66667 3.66615
7.33333 7.33267
3.66667 3.66816
3.66667 3.66653
9.16667 9.16666
3.66667 3.66709
3.66667 3.66742
0.916667 0.916606
4.58333 4.58264
3.66667 3.66657
2.75 2.74874
4.58333 4.58523
3.66667 3.66824
4.58333 4.58398
4.58333 4.58494
3.66667 3.66639
6.41667 6.41481
4.58333 4.58274
3.66667 3.66631
8.25 8.24991
4.58333 4.58206
3.66667 3.66594
10.0833 10.0841
4.58333 4.58332
3.66667 3.66471
1e-10 10.9997
5.5 5.49918
3.66667 3.66772
1.83333 1.83309
5.5 5.50033
3.66667 3.66717
3.66667 3.66797
5.5 5.50001
3.66667 3.66862
5.5 5.50065
5.5 5.49996
3.66667 3.66525
7.33333 7.33282
5.5 5.50065
3.66667 3.66846
9.16667 9.16685
5.5 5.49963
3.66667 3.66649
0.916667 0.915875
6.41667 6.41813
3.66667 3.66509
2.75 2.74934
6.41667 6.41721
3.66667 3.66331
4.58333 4.58122
6.41667 6.41696
3.66667 3.66787
6.41667 6.41564
6.41667 6.41563
3.66667 3.66701
8.25 8.24876
6.41667 6.41634
3.66667 3.66703
10.0833 10.0834
6.41667 6.41697
3.66667 3.66647
1e-10 10.9991
7.33333 7.3315
3.66667 3.6676
1.83333 1.83481
7.33333 7.33492
3.66667 3.66507
3.66667 3.66625
7.33333 7.33344
3.66667 3.66813
5.5 5.49869
7.33333 7.33295
3.66667 3.66556
7.33333 7.33544
7.33333 7.33368
3.66667 3.66749
9.16667 9.16899
7.33333 7.3334
3.66667 3.66572
0.916667 0.916095
8.25 8.25204
3.66667 3.66701
2.75 2.7497
8.25 8.25007
3.66667 3.66805
4.58333 4.58283
8.25 8.25182
3.66667 3.66586
6.41667 6.41701
8.25 8.24966
3.66667 3.66807
8.25 8.24898
8.25 8.24783
3.66667 3.66471
10.0833 10.0838
8.25 8.25004
3.66667 3.66687
1e-10 0.000590124
9.16667 9.16643
3.66667 3.6676
1.83333 1.83427
9.16667 9.16541
3.66667 3.66839
3.66667 3.66883
9.16667 9.16619
3.66667 3.66814
5.5 5.50023
9.16667 9.1664
3.66667 3.66615
7.33333 7.33186
9.16667 9.16612
3.66667 3.66749
9.16667 9.16525
9.16667 9.16723
3.66667 3.66704
0.916667 0.917595
10.0833 10.0825
3.66667 3.66654
2.75 2.75113
10.0833 10.0816
3.66667 3.66578
4.58333 4.58423
10.0833 10.084
3.66667 3.66625
6.41667 6.41687
10.0833 10.0842
3.66667 3.66584
8.25 8.25013
10.0833 10.0832
3.66667 3.66566
10.0833 10.0827
10.0833 10.0838
3.66667 3.66735
0.916667 0.916452
1e-10 10.9975
4.58333 4.58329
2.75 2.7503
1e-10 0.000848009
4.58333 4.58138
4.58333 4.58356
1e-10 10.9987
4.58333 4.58295
6.41667 6.417
1e-10 10.9993
4.58333 4.5843
8.25 8.25015
1e-10 10.9989
4.58333 4.58452
10.0833 10.0818
1e-10 0.000310386
4.58333 4.58346
1e-10 10.9986
0.916667 0.915977
4.58333 4.58379
1.83333 1.83288
0.916667 0.916879
4.58333 4.58252
3.66667 3.66715
0.916667 0.916539
4.58333 4.58328
5.5 5.49771
0.916667 0.914912
4.58333 4.58187
7.33333 7.33266
0.916667 0.91779
4.58333 4.58604
9.16667 9.16685
0.916667 0.918425
4.58333 4.58163
0.916667 0.919899
1.83333 1.83259
4.58333 4.58358
2.75 2.74815
1.83333 1.83146
4.58333 4.58268
4.58333 4.5828
1.83333 1.83262
4.58333 4.58316
6.41667 6.41817
1.83333 1.83452
4.58333 4.58425
8.25 8.25075
1.83333 1.83183
4.58333 4.58587
10.0833 10.081
1.83333 1.8339
4.58333 4.58355
1e-10 10.9979
2.75 2.75055
4.58333 4.58384
1.83333 1.83333
2.75 2.74839
4.58333 4.58381
3.66667 3.66831
2.75 2.74825
4.58333 4.58341
5.5 5.49988
2.75 2.75162
4.58333 4.58469
7.33333 7.33381
2.75 2.74935
4.58333 4.58319
9.16667 9.16616
2.75 2.75036
4.58333 4.58413
0.916667 0.916869
3.66667 3.66709
4.58333 4.58455
2.75 2.75169
3.66667 3.66671
4.58333 4.58346
4.58333 4.58291
3.66667 3.66731
4.58333 4.5826
6.41667 6.41868
3.66667 3.66693
4.58333 4.58209
8.25 8.24838
3.66667 3.6662
4.58333 4.58303
10.0833 10.082
3.66667 3.66697
4.58333 4.5822
1e-10 0.000917417
4.58333 4.58273
4.58333 4.58536
1.83333 1.83531
4.58333 4.5855
4.58333 4.58342
3.66667 3.6667
4.58333 4.58477
4.58333 4.58268
5.5 5.50112
4.58333 4.58343
4.58333 4.58431
7.33333 7.33259
4.58333 4.58172
4.58333 4.58295
9.16667 9.16697
4.58333 4.58454
4.58333 4.58391
0.916667 0.916899
5.5 5.50018
4.58333 4.58226
2.75 2.74908
5.5 5.49964
4.58333 4.5818
4.58333 4.58265
5.5 5.49994
4.58333 4.58193
6.41667 6.41449
5.5 5.50066
4.58333 4.58342
8.25 8.25062
5.5 5.49842
4.58333 4.58288
10.0833 10.083
5.5 5.50039
4.58333 4.58354
1e-10 0.0015451
6.41667 6.41765
4.58333 4.58312
1.83333 1.83332
6.41667 6.41617
4.58333 4.5839
3.66667 3.66706
6.41667 6.41719
4.58333 4.58283
5.5 5.49999
6.41667 6.41583
4.58333 4.58197
7.33333 7.33493
6.41667 6.41717
4.58333 4.58336
9.16667 9.16782
6.41667 6.41977
4.58333 4.5833
0.916667 0.916666
7.33333 7.33395
4.58333 4.58374
2.75 2.75111
7.33333 7.33415
4.58333 4.58243
4.58333 4.58247
7.33333 7.33371
4.58333 4.58391
6.41667 6.41612
7.33333 7.33296
4.58333 4.58269
8.25 8.24918
7.33333 7.33489
4.58333 4.58412
10.0833 10.0825
7.33333 7.33211
4.58333 4.58325
1e-10 0.00122055
8.25 8.25136
4.58333 4.58576
1.83333 1.83482
8.25 8.24944
4.58333 4.58286
3.66667 3.66652
8.25 8.24981
4.58333 4.58223
5.5 5.50003
8.25 8.24923
4.58333 4.58229
7.33333 7.33464
8.25 8.25051
4.58333 4.58337
9.16667 9.16702
8.25 8.25118
4.58333 4.58196
0.916667 0.917486
9.16667 9.16768
4.58333 4.5821
2.75 2.74766
9.16667 9.1656
4.58333 4.58368
4.58333 4.5859
9.16667 9.16496
4.58333 4.58113
6.41667 6.4167
9.16667 9.16642
4.58333 4.58468
8.25 8.24984
9.16667 9.16764
4.58333 4.58287
10.0833 10.0839
9.16667 9.16502
4.58333 4.5821
1e-10 10.9979
10.0833 10.0844
4.58333 4.58264
1.83333 1.83225
10.0833 10.0836
4.58333 4.58366
3.66667 3.6667
10.0833 10.0831
4.58333 4.58341
5.5 5.49879
10.0833 10.0836
4.58333 4.58145
7.33333 7.33361
10.0833 10.0818
4.58333 4.58101
9.16667 9.16696
10.0833 10.0822
4.58333 4.5847
1e-10 0.000791495
1e-10 0.00130201
5.5 5.50016
1.83333 1.83343
1e-10 10.9986
5.5 5.50122
3.66667 3.66516
1e-10 0.00123018
5.5 5.49817
5.5 5.49879
1e-10 0.000878089
5.5 5.4989
7.33333 7.33414
1e-10 10.9993
5.5 5.50052
9.16667 9.16558
1e-10 10.9983
5.5 5.4987
0.916667 0.915382
0.916667 0.915934
5.5 5.49957
2.75 2.74812
0.916667 0.916848
5.5 5.4998
4.58333 4.58478
0.916667 0.918019
5.5 5.49969
6.41667 6.41597
0.916667 0.916693
5.5 5.49914
8.25 8.25161
0.916667 0.916047
5.5 5.50148
10.0833 10.0834
0.916667 0.91785
5.5 5.50009
1e-10 0.000427778
1.83333 1.83235
5.5 5.50119
1.83333 1.83274
1.83333 1.83226
5.5 5.49952
3.66667 3.6679
1.83333 1.8326
5.5 5.5023
5.5 5.49847
1.83333 1.83238
5.5 5.5004
7.33333 7.33529
1.83333 1.83484
5.5 5.50006
9.16667 9.16403
1.83333 1.83296
5.5 5.4987
0.916667 0.918513
2.75 2.74904
5.5 5.50185
2.75 2.74907
2.75 2.75199
5.5 5.50028
4.58333 4.58374
2.75 2.75025
5.5 5.4988
6.41667 6.41723
2.75 2.7498
5.5 5.49997
8.25 8.24964
2.75 2.75076
5.5 5.49979
10.0833 10.0828
2.75 2.74834
5.5 5.5012
1e-10 0.000509369
3.66667 3.66704
5.5 5.50028
1.83333 1.83215
3.66667 3.6682
5.5 5.50062
3.66667 3.66716
3.66667 3.66947
5.5 5.49944
5.5 5.49961
3.66667 3.66695
5.5 5.50102
7.33333 7.3332
3.66667 3.66656
5.5 5.4993
9.16667 9.16642
3.66667 3.66779
5.5 5.50135
0.916667 0.914735
4.58333 4.58151
5.5 5.50122
2.75 2.75087
4.58333 4.58249
5.5 5.50116
4.58333 4.58431
4.58333 4.58413
5.5 5.50009
6.41667 6.41651
4.58333 4.58192
5.5 5.49896
8.25 8.25154
4.58333 4.58286
5.5 5.49897
10.0833 10.0819
4.58333 4.58348
5.5 5.49843
1e-10 10.9992
5.5 5.50008
5.5 5.50017
1.83333 1.83257
5.5 5.4997
5.5 5.50062
3.66667 3.6667
5.5 5.49975
5.5 5.4995
5.5 5.50189
5.5 5.49808
5.5 5.4995
7.33333 7.33214
5.5 5.50241
5.5 5.49972
9.16667 9.16772
5.5 5.49789
5.5 5.49981
0.916667 0.918002
6.41667 6.41609
5.5 5.50059
2.75 2.74933
6.41667 6.41561
5.5 5.50026
4.58333 4.58092
6.41667 6.41778
5.5 5.49876
6.41667 6.41737
6.41667 6.41697
5.5 5.49992
8.25 8.25032
6.41667 6.41715
5.5 5.49932
10.0833 10.0836
6.41667 6.41537
5.5 5.50023
1e-10 10.9993
7.33333 7.33448
5.5 5.50029
1.83333 1.83296
7.33333 7.33313
5.5 5.49925
3.66667 3.66626
7.33333 7.33328
5.5 5.49772
5.5 5.49926
7.33333 7.33507
5.5 5.4986
7.33333 7.33285
7.33333 7.33392
5.5 5.50061
9.16667 9.1662
7.33333 7.33521
5.5 5.50087
0.916667 0.916021
8.25 8.25068
5.5 5.50139
2.75 2.74944
8.25 8.25028
5.5 5.49887
4.58333 4.58277
8.25 8.25053
5.5 5.50133
6.41667 6.41662
8.25 8.24992
5.5 5.50084
8.25 8.24979
8.25 8.24996
5.5 5.49976
10.0833 10.0832
8.25 8.24979
5.5 5.50034
1e-10 0.00100641
9.16667 9.16803
5.5 5.4999
1.83333 1.83246
9.16667 9.16722
5.5 5.49938
3.66667 3.66635
9.16667 9.16636
5.5 5.5003
5.5 5.50055
9.16667 9.16631
5.5 5.4991
7.33333 7.33217
9.16667 9.16637
5.5 5.49864
9.16667 9.16843
9.16667 9.1655
5.5 5.49948
0.916667 0.915102
10.0833 10.0827
5.5 5.4988
2.75 2.74977
10.0833 10.0837
5.5 5.49877
4.58333 4.58109
10.0833 10.0831
5.5 5.49887
6.41667 6.417
10.0833 10.083
5.5 5.50143
8.25 8.24899
10.0833 10.0823
5.5 5.49904
10.0833 10.0837
10.0833 10.0836
5.5 5.50068
0.916667 0.915122
1e-10 10.9996
6.41667 6.4183
2.75 2.7496
1e-10 10.9989
6.41667 6.41643
4.58333 4.58245
1e-10 10.9978
6.41667 6.41767
6.41667 6.41645
1e-10 10.9988
6.41667 6.41656
8.25 8.24897
1e-10 0.00103554
6.41667 6.41726
10.0833 10.0833
1e-10 10.9992
6.41667 6.41535
1e-10 10.9994
0.916667 0.914721
6.41667 6.41894
1.83333 1.83525
0.916667 0.916162
6.41667 6.41721
3.66667 3.66753
0.916667 0.916908
6.41667 6.41818
5.5 5.49859
0.916667 0.916644
6.41667 6.41741
7.33333 7.33143
0.916667 0.915876
6.41667 6.4169
9.16667 9.16647
0.916667 0.916458
6.41667 6.41747
0.916667 0.915731
1.83333 1.83337
6.41667 6.41635
2.75 2.7519
1.83333 1.83398
6.41667 6.41624
4.58333 4.58361
1.83333 1.83173
6.41667 6.41557
6.41667 6.41773
1.83333 1.83151
6.41667 6.41507
8.25 8.24921
1.83333 1.83415
6.41667 6.41534
10.0833 10.0846
1.83333 1.83392
6.41667 6.41653
1e-10 0.00139149
2.75 2.7519
6.41667 6.41571
1.83333 1.83319
2.75 2.75046
6.41667 6.41535
3.66667 3.66685
2.75 2.75077
6.41667 6.41702
5.5 5.50096
2.75 2.74856
6.41667 6.41796
7.33333 7.33345
2.75 2.75173
6.41667 6.41745
9.16667 9.16683
2.75 2.74839
6.41667 6.41546
0.916667 0.91524
3.66667 3.66682
6.41667 6.41546
2.75 2.75027
3.66667 3.66463
6.41667 6.41681
4.58333 4.58159
3.66667 3.66567
6.41667 6.41794
6.41667 6.41634
3.66667 3.66489
6.41667 6.4169
8.25 8.2504
3.66667 3.66494
6.41667 6.41679
10.0833 10.0839
3.66667 3.66731
6.41667 6.4169
1e-10 0.00122637
4.58333 4.58172
6.41667 6.41605
1.83333 1.83212
4.58333 4.58236
6.41667 6.41794
3.66667 3.66769
4.58333 4.582
6.41667 6.41818
5.5 5.50345
4.58333 4.58378
6.41667 6.41639
7.33333 7.33428
4.58333 4.58216
6.41667 6.41608
9.16667 9.16729
4.58333 4.58433
6.41667 6.41824
0.916667 0.916664
5.5 5.50036
6.41667 6.415
2.75 2.74937
5.5 5.50049
6.41667 6.41817
4.58333 4.58185
5.5 5.50041
6.41667 6.41806
6.41667 6.41705
5.5 5.50291
6.41667 6.41616
8.25 8.24935
5.5 5.50111
6.41667 6.41551
10.0833 10.0826
5.5 5.49957
6.41667 6.41727
1e-10 0.000526721
6.41667 6.41404
6.41667 6.41903
1.83333 1.834
6.41667 6.41616
6.41667 6.41729
3.66667 3.6679
6.41667 6.41638
6.41667 6.41604
5.5 5.49994
6.41667 6.41821
6.41667 6.41803
7.33333 7.33405
6.41667 6.4165
6.41667 6.41587
9.16667 9.16686
6.41667 6.41619
6.41667 6.41444
0.916667 0.916996
7.33333 7.33227
6.41667 6.41582
2.75 2.74969
7.33333 7.33248
6.41667 6.4164
4.58333 4.58183
7.33333 7.33352
6.41667 6.41688
6.41667 6.4166
7.33333 7.3325
6.41667 6.41628
8.25 8.24904
7.33333 7.33331
6.41667 6.41752
10.0833 10.0817
7.33333 7.33362
6.41667 6.41547
1e-10 0.000501275
8.25 8.25096
6.41667 6.41703
1.83333 1.8333
8.25 8.25077
6.41667 6.41741
3.66667 3.66498
8.25 8.24901
6.41667 6.41695
5.5 5.50098
8.25 8.25207
6.41667 6.41699
7.33333 7.333
8.25 8.24939
6.41667 6.41422
9.16667 9.16801
8.25 8.25091
6.41667 6.4133
0.916667 0.916474
9.16667 9.16683
6.41667 6.41579
2.75 2.75036
9.16667 9.16609
6.41667 6.41592
4.58333 4.5823
9.16667 9.16686
6.41667 6.41686
6.41667 6.41797
9.16667 9.16491
6.41667 6.41472
8.25 8.251
9.16667 9.16792
6.41667 6.417
10.0833 10.0832
9.16667 9.16757
6.41667 6.4183
1e-10 10.9994
10.0833 10.0824
6.41667 6.41705
1.83333 1.83178
10.0833 10.0822
6.41667 6.41663
3.66667 3.6671
10.0833 10.082
6.41667 6.41544
5.5 5.50028
10.0833 10.0835
6.41667 6.41659
7.33333 7.33163
10.0833 10.0839
6.41667 6.4165
9.16667 9.16596
10.0833 10.0836
6.41667 6.41577
1e-10 10.9993
1e-10 10.998
7.33333 7.33244
1.83333 1.83319
1e-10 0.00216756
7.33333 7.33265
3.66667 3.66654
1e-10 0.00233842
7.33333 7.33226
5.5 5.50119
1e-10 0.000710903
7.33333 7.33263
7.33333 7.33479
1e-10 0.000447524
7.33333 7.33383
9.16667 9.16662
1e-10 0.00192083
7.33333 7.33324
0.916667 0.914958
0.916667 0.915736
7.33333 7.33344
2.75 2.75113
0.916667 0.916162
7.33333 7.33196
4.58333 4.58337
0.916667 0.916369
7.33333 7.33341
6.41667 6.4176
0.916667 0.916355
7.33333 7.33342
8.25 8.24991
0.916667 0.915942
7.33333 7.33368
10.0833 10.0836
0.916667 0.917736
7.33333 7.33421
1e-10 10.9994
1.83333 1.8332
7.33333 7.33291
1.83333 1.83415
1.83333 1.83307
7.33333 7.33296
3.66667 3.66668
1.83333 1.83372
7.33333 7.3331
5.5 5.49939
1.83333 1.83372
7.33333 7.33418
7.33333 7.33368
1.83333 1.83452
7.33333 7.33507
9.16667 9.16723
1.83333 1.8332
7.33333 7.33338
0.916667 0.917853
2.75 2.74909
7.33333 7.33257
2.75 2.74987
2.75 2.75018
7.33333 7.33451
4.58333 4.58247
2.75 2.74902
7.33333 7.33355
6.41667 6.41803
2.75 2.74835
7.33333 7.3317
8.25 8.24806
2.75 2.74868
7.33333 7.33284
10.0833 10.0836
2.75 2.75041
7.33333 7.3322
1e-10 10.9981
3.66667 3.66642
7.33333 7.33376
1.83333 1.83453
3.66667 3.66658
7.33333 7.33337
3.66667 3.6665
3.66667 3.66831
7.33333 7.3318
5.5 5.49918
3.66667 3.66693
7.33333 7.3318
7.33333 7.33187
3.66667 3.66588
7.33333 7.33539
9.16667 9.167
3.66667 3.66789
7.33333 7.33277
0.916667 0.916293
4.58333 4.58345
7.33333 7.33166
2.75 2.74957
4.58333 4.58588
7.33333 7.33221
4.58333 4.58315
4.58333 4.58359
7.33333 7.33399
6.41667 6.41714
4.58333 4.58339
7.33333 7.33438
8.25 8.24845
4.58333 4.58333
7.33333 7.33537
10.0833 10.082
4.58333 4.58192
7.33333 7.33302
1e-10 10.9995
5.5 5.49917
7.33333 7.33367
1.83333 1.83377
5.5 5.50028
7.33333 7.33249
3.66667 3.66781
5.5 5.49943
7.33333 7.33287
5.5 5.49987
5.5 5.50024
7.33333 7.33524
7.33333 7.3332
5.5 5.50051
7.33333 7.33393
9.16667 9.16857
5.5 5.50113
7.33333 7.33291
0.916667 0.914878
6.41667 6.4159
7.33333 7.33351
2.75 2.75044
6.41667 6.41704
7.33333 7.33349
4.58333 4.5838
6.41667 6.41514
7.33333 7.33459
6.41667 6.41573
6.41667 6.41753
7.33333 7.33441
8.25 8.25056
6.41667 6.41553
7.33333 7.3338
10.0833 10.0826
6.41667 6.41677
7.33333 7.33391
1e-10 0.00115348
7.33333 7.33165
7.33333 7.33306
1.83333 1.83395
7.33333 7.333
7.33333 7.33392
3.66667 3.66824
7.33333 7.33216
7.33333 7.33454
5.5 5.49865
7.33333 7.3347
7.33333 7.33524
7.33333 7.33215
7.33333 7.33421
7.33333 7.33175
9.16667 9.16609
7.33333 7.33549
7.33333 7.33176
0.916667 0.917077
8.25 8.2492
7.33333 7.33415
2.75 2.74965
8.25 8.24985
7.33333 7.33231
4.58333 4.58139
8.25 8.25299
7.33333 7.33349
6.41667 6.41446
8.25 8.24967
7.33333 7.33168
8.25 8.24971
8.25 8.24901
7.33333 7.33524
10.0833 10.0829
8.25 8.24974
7.33333 7.33326
1e-10 0.000816787
9.16667 9.16647
7.33333 7.3328
1.83333 1.83381
9.16667 9.16546
7.33333 7.3347
3.66667 3.66709
9.16667 9.16736
7.33333 7.33145
5.5 5.49828
9.16667 9.16818
7.33333 7.33425
7.33333 7.33238
9.16667 9.16803
7.33333 7.33278
9.16667 9.16772
9.16667 9.16834
7.33333 7.33231
0.916667 0.915517
10.0833 10.0828
7.33333 7.33313
2.75 2.74995
10.0833 10.0839
7.33333 7.33517
4.58333 4.58532
10.0833 10.0837
7.33333 7.33192
6.41667 6.41753
10.0833 10.0833
7.33333 7.33316
8.25 8.25057
10.0833 10.082
7.33333 7.33478
10.0833 10.083
10.0833 10.0846
7.33333 7.33401
0.916667 0.918153
1e-10 0.000342208
8.25 8.24899
2.75 2.74939
1e-10 0.000667455
8.25 8.24848
4.58333 4.58347
1e-10 10.9996
8.25 8.24963
6.41667 6.41596
1e-10 10.9987
8.25 8.25221
8.25 8.25038
1e-10 10.9979
8.25 8.25049
10.0833 10.0837
1e-10 0.00168576
8.25 8.25063
1e-10 0.00136909
0.916667 0.916899
8.25 8.25119
1.83333 1.83317
0.916667 0.917429
8.25 8.2503
3.66667 3.66737
0.916667 0.916312
8.25 8.25108
5.5 5.49997
0.916667 0.917918
8.25 8.25111
7.33333 7.33407
0.916667 0.917143
8.25 8.25074
9.16667 9.16531
0.916667 0.916126
8.25 8.24943
0.916667 0.916898
1.83333 1.83439
8.25 8.24949
2.75 2.74943
1.83333 1.83281
8.25 8.24952
4.58333 4.58452
1.83333 1.8324
8.25 8.25133
6.41667 6.41696
1.83333 1.83419
8.25 8.25112
8.25 8.25079
1.83333 1.83242
8.25 8.24938
10.0833 10.0829
1.83333 1.83525
8.25 8.24991
1e-10 0.000973318
2.75 2.74939
8.25 8.25076
1.83333 1.83227
2.75 2.75015
8.25 8.25096
3.66667 3.66542
2.75 2.75185
8.25 8.24804
5.5 5.49876
2.75 2.74979
8.25 8.25031
7.33333 7.33315
2.75 2.75052
8.25 8.25042
9.16667 9.16565
2.75 2.74854
8.25 8.2485
0.916667 0.915098
3.66667 3.66564
8.25 8.2491
2.75 2.74946
3.66667 3.66564
8.25 8.24892
4.58333 4.58469
3.66667 3.6674
8.25 8.25132
6.41667 6.41657
3.66667 3.66388
8.25 8.24823
8.25 8.24977
3.66667 3.66516
8.25 8.25029
10.0833 10.0835
3.66667 3.66759
8.25 8.25071
1e-10 10.9993
4.58333 4.58278
8.25 8.24941
1.83333 1.8339
4.58333 4.5817
8.25 8.24934
3.66667 3.66707
4.58333 4.58445
8.25 8.24953
5.5 5.49963
4.58333 4.5825
8.25 8.25108
7.33333 7.33178
4.58333 4.5825
8.25 8.24963
9.16667 9.16798
4.58333 4.58486
8.25 8.25131
0.916667 0.915996
5.5 5.50246
8.25 8.25023
2.75 2.75046
5.5 5.5014
8.25 8.25098
4.58333 4.58368
5.5 5.50078
8.25 8.25034
6.41667 6.41662
5.5 5.49903
8.25 8.25016
8.25 8.2493
5.5 5.49887
8.25 8.25037
10.0833 10.0831
5.5 5.49844
8.25 8.25029
1e-10 10.9992
6.41667 6.41618
8.25 8.25147
1.83333 1.8345
6.41667 6.41576
8.25 8.25064
3.66667 3.66762
6.41667 6.41624
8.25 8.25061
5.5 5.50136
6.41667 6.4172
8.25 8.24838
7.33333 7.33301
6.41667 6.41673
8.25 8.24941
9.16667 9.16744
6.41667 6.41662
8.25 8.25034
0.916667 0.916613
7.33333 7.33231
8.25 8.2487
2.75 2.75027
7.33333 7.3342
8.25 8.24863
4.58333 4.58152
7.33333 7.3342
8.25 8.24934
6.41667 6.41805
7.33333 7.33343
8.25 8.2504
8.25 8.25006
7.33333 7.33505
8.25 8.25006
10.0833 10.084
7.33333 7.33306
8.25 8.25059
1e-10 10.9987
8.25 8.24957
8.25 8.25038
1.83333 1.83395
8.25 8.25057
8.25 8.24878
3.66667 3.66738
8.25 8.25034
8.25 8.25095
5.5 5.50174
8.25 8.24908
8.25 8.24978
7.33333 7.33374
8.25 8.25108
8.25 8.24753
9.16667 9.16617
8.25 8.25105
8.25 8.24953
0.916667 0.915859
9.16667 9.16624
8.25 8.25115
2.75 2.75004
9.16667 9.16709
8.25 8.25064
4.58333 4.58162
9.16667 9.16807
8.25 8.24977
6.41667 6.41718
9.16667 9.16692
8.25 8.25068
8.25 8.25113
9.16667 9.16651
8.25 8.25022
10.0833 10.0835
9.16667 9.16626
8.25 8.24911
1e-10 10.9996
10.0833 10.0823
8.25 8.24867
1.83333 1.83465
10.0833 10.0834
8.25 8.24913
3.66667 3.66638
10.0833 10.0839
8.25 8.25089
5.5 5.50146
10.0833 10.0827
8.25 8.25148
7.33333 7.33187
10.0833 10.0827
8.25 8.2506
9.16667 9.16775
10.0833 10.0847
8.25 8.25123
1e-10 10.9977
1e-10 0.00153798
9.16667 9.16792
1.83333 1.83433
1e-10 0.00052494
9.16667 9.16726
3.66667 3.66597
1e-10 10.999
9.16667 9.16784
5.5 5.5009
1e-10 10.9998
9.16667 9.16615
7.33333 7.33313
1e-10 0.000483895
9.16667 9.16597
9.16667 9.1659
1e-10 10.9992
9.16667 9.16573
0.916667 0.916355
0.916667 0.916876
9.16667 9.16562
2.75 2.74985
0.916667 0.917033
9.16667 9.16756
4.58333 4.58525
0.916667 0.916616
9.16667 9.165
6.41667 6.41774
0.916667 0.917788
9.16667 9.16632
8.25 8.25157
0.916667 0.915497
9.16667 9.16607
10.0833 10.0835
0.916667 0.915559
9.16667 9.16719
1e-10 10.9996
1.83333 1.83342
9.16667 9.16754
1.83333 1.83374
1.83333 1.83411
9.16667 9.16554
3.66667 3.66667
1.83333 1.83512
9.16667 9.16532
5.5 5.49991
1.83333 1.83268
9.16667 9.16648
7.33333 7.33346
1.83333 1.83273
9.16667 9.16743
9.16667 9.16779
1.83333 1.83364
9.16667 9.16802
0.916667 0.916627
2.75 2.75058
9.16667 9.16721
2.75 2.75087
2.75 2.75083
9.16667 9.16711
4.58333 4.58293
2.75 2.74822
9.16667 9.16592
6.41667 6.41544
2.75 2.75218
9.16667 9.16594
8.25 8.25029
2.75 2.75079
9.16667 9.1665
10.0833 10.0828
2.75 2.7491
9.16667 9.16751
1e-10 10.9981
3.66667 3.66675
9.16667 9.16778
1.83333 1.83361
3.66667 3.66695
9.16667 9.16644
3.66667 3.66612
3.66667 3.66737
9.16667 9.16919
5.5 5.49958
3.66667 3.66572
9.16667 9.16741
7.33333 7.33521
3.66667 3.66736
9.16667 9.16667
9.16667 9.16584
3.66667 3.6664
9.16667 9.16646
0.916667 0.917201
4.58333 4.58367
9.16667 9.16723
2.75 2.74995
4.58333 4.58243
9.16667 9.16823
4.58333 4.58149
4.58333 4.58423
9.16667 9.16554
6.41667 6.41664
4.58333 4.58141
9.16667 9.16645
8.25 8.25052
4.58333 4.58234
9.16667 9.16719
10.0833 10.084
4.58333 4.58259
9.16667 9.16581
1e-10 0.000697368
5.5 5.50038
9.16667 9.16727
1.83333 1.83392
5.5 5.49973
9.16667 9.16827
3.66667 3.66653
5.5 5.49872
9.16667 9.16647
5.5 5.50007
5.5 5.4992
9.16667 9.16831
7.33333 7.33468
5.5 5.5012
9.16667 9.16713
9.16667 9.16643
5.5 5.50082
9.16667 9.16754
0.916667 0.917067
6.41667 6.41853
9.16667 9.16533
2.75 2.74866
6.41667 6.4163
9.16667 9.16499
4.58333 4.58417
6.41667 6.41758
9.16667 9.16695
6.41667 6.41623
6.41667 6.41683
9.16667 9.16808
8.25 8.24907
6.41667 6.41605
9.16667 9.16784
10.0833 10.0837
6.41667 6.41706
9.16667 9.16578
1e-10 10.9996
7.33333 7.33317
9.16667 9.16656
1.83333 1.83572
7.33333 7.33291
9.16667 9.16596
3.66667 3.66605
7.33333 7.33236
9.16667 9.16776
5.5 5.49918
7.33333 7.33275
9.16667 9.16652
7.33333 7.33209
7.33333 7.33171
9.16667 9.16626
9.16667 9.16572
7.33333 7.33448
9.16667 9.16593
0.916667 0.916967
8.25 8.25001
9.16667 9.16675
2.75 2.7516
8.25 8.25183
9.16667 9.16509
4.58333 4.58186
8.25 8.25114
9.16667 9.16744
6.41667 6.415
8.25 8.25004
9.16667 9.1674
8.25 8.25059
8.25 8.25116
9.16667 9.16847
10.0833 10.0827
8.25 8.2509
9.16667 9.16569
1e-10 10.9997
9.16667 9.16745
9.16667 9.1675
1.83333 1.83283
9.16667 9.16731
9.16667 9.168
3.66667 3.66738
9.16667 9.1657
9.16667 9.16722
5.5 5.49856
9.16667 9.16551
9.16667 9.16774
7.33333 7.33388
9.16667 9.16663
9.16667 9.16594
9.16667 9.16715
9.16667 9.16963
9.16667 9.16785
0.916667 0.917719
10.0833 10.0829
9.16667 9.16606
2.75 2.7504
10.0833 10.0843
9.16667 9.16768
4.58333 4.58403
10.0833 10.083
9.16667 9.16644
6.41667 6.41687
10.0833 10.0825
9.16667 9.16582
8.25 8.24993
10.0833 10.0846
9.16667 9.16601
10.0833 10.0821
10.0833 10.0827
9.16667 9.16651
0.916667 0.917392
1e-10 10.9995
10.0833 10.0822
2.75 2.75011
1e-10 0.00174262
10.0833 10.0819
4.58333 4.58354
1e-10 0.000918864
10.0833 10.0821
6.41667 6.41699
1e-10 10.9984
10.0833 10.0836
8.25 8.25142
1e-10 10.9978
10.0833 10.0829
10.0833 10.0844
1e-10 0.000403941
10.0833 10.0814
1e-10 10.9998
0.916667 0.917102
10.0833 10.084
1.83333 1.83283
0.916667 0.917407
10.0833 10.0845
3.66667 3.66826
0.916667 0.916651
10.0833 10.0832
5.5 5.49916
0.916667 0.916556
10.0833 10.0823
7.33333 7.33367
0.916667 0.916445
10.0833 10.0835
9.16667 9.16643
0.916667 0.917685
10.0833 10.0819
0.916667 0.917586
1.83333 1.83246
10.0833 10.083
2.75 2.74961
1.83333 1.83133
10.0833 10.0839
4.58333 4.58364
1.83333 1.8338
10.0833 10.0819
6.41667 6.41676
1.83333 1.83377
10.0833 10.0821
8.25 8.25007
1.83333 1.83288
10.0833 10.0819
10.0833 10.0839
1.83333 1.83355
10.0833 10.0823
1e-10 0.00170387
2.75 2.74999
10.0833 10.0839
1.83333 1.83334
2.75 2.74852
10.0833 10.0828
3.66667 3.66797
2.75 2.75067
10.0833 10.0839
5.5 5.49973
2.75 2.74954
10.0833 10.0844
7.33333 7.33291
2.75 2.74966
10.0833 10.0847
9.16667 9.16575
2.75 2.75006
10.0833 10.0833
0.916667 0.917773
3.66667 3.668
10.0833 10.0828
2.75 2.75109
3.66667 3.66751
10.0833 10.0837
4.58333 4.58278
3.66667 3.6657
10.0833 10.0833
6.41667 6.41651
3.66667 3.66789
10.0833 10.084
8.25 8.25076
3.66667 3.66502
10.0833 10.0841
10.0833 10.0842
3.66667 3.66667
10.0833 10.0847
1e-10 10.9992
4.58333 4.58474
10.0833 10.0821
1.83333 1.83509
4.58333 4.5821
10.0833 10.0831
3.66667 3.66905
4.58333 4.58556
10.0833 10.083
5.5 5.49918
4.58333 4.58403
10.0833 10.0841
7.33333 7.33391
4.58333 4.58191
10.0833 10.0834
9.16667 9.16664
4.58333 4.58402
10.0833 10.0841
0.916667 0.916142
5.5 5.49896
10.0833 10.0827
2.75 2.75035
5.5 5.4994
10.0833 10.0838
4.58333 4.58458
5.5 5.49971
10.0833 10.0836
6.41667 6.41845
5.5 5.50088
10.0833 10.0833
8.25 8.25076
5.5 5.49953
10.0833 10.0851
10.0833 10.0841
5.5 5.50003
10.0833 10.0852
1e-10 10.9992
6.41667 6.41848
10.0833 10.0835
1.83333 1.8327
6.41667 6.41599
10.0833 10.0822
3.66667 3.66691
6.41667 6.41686
10.0833 10.0839
5.5 5.498
6.41667 6.41864
10.0833 10.0842
7.33333 7.33236
6.41667 6.41706
10.0833 10.0816
9.16667 9.16612
6.41667 6.41483
10.0833 10.0832
0.916667 0.915794
7.33333 7.33286
10.0833 10.0829
2.75 2.7505
7.33333 7.33233
10.0833 10.0841
4.58333 4.5832
7.33333 7.33342
10.0833 10.0812
6.41667 6.41664
7.33333 7.33243
10.0833 10.0837
8.25 8.24909
7.33333 7.33433
10.0833 10.0836
10.0833 10.0827
7.33333 7.33436
10.0833 10.0823
1e-10 0.00136021
8.25 8.24903
10.0833 10.0828
1.83333 1.83446
8.25 8.25171
10.0833 10.0845
3.66667 3.66631
8.25 8.24964
10.0833 10.0837
5.5 5.49992
8.25 8.24955
10.0833 10.0821
7.33333 7.33317
8.25 8.2518
10.0833 10.0826
9.16667 9.16605
8.25 8.24837
10.0833 10.0819
0.916667 0.918514
9.16667 9.16504
10.0833 10.0847
2.75 2.75112
9.16667 9.16433
10.0833 10.0837
4.58333 4.58353
9.16667 9.16591
10.0833 10.0848
6.41667 6.41595
9.16667 9.16617
10.0833 10.0846
8.25 8.24886
9.16667 9.16563
10.0833 10.0841
10.0833 10.082
9.16667 9.16667
10.0833 10.0829
1e-10 0.00130217
10.0833 10.0846
10.0833 10.0815
1.83333 1.83298
10.0833 10.0828
10.0833 10.0831
3.66667 3.66548
10.0833 10.0843
10.0833 10.0846
5.5 5.50072
10.0833 10.0836
10.0833 10.084
7.33333 7.3315
10.0833 10.0834
10.0833 10.0834
9.16667 9.16667
10.0833 10.0836
10.0833 10.0836
