0 1.35126
0.016 1.35126
0.032 1.35126
0.048 1.35126
0.064 1.35126
0.08 1.35126
0.096 1.35126
0.112 1.35126
0.128 1.35126
0.144 1.35126
0.16 1.35126
0.176 1.35126
0.192 1.35126
0.208 1.35126
0.224 1.35126
0.24 1.35126
0.256 1.35126
0.272 1.35126
0.288 1.35037
0.304 1.34901
0.32 1.34708
0.336 1.3445
0.352 1.34115
0.368 1.33693
0.384 1.3317
0.4 1.32536
0.416 1.3178
0.432 1.3089
0.448 1.29858
0.464 1.2868
0.48 1.27353
0.496 1.25881
0.512 1.24271
0.528 1.22537
0.544 1.20699
0.56 1.1878
0.576 1.16807
0.592 1.14809
0.608 1.12816
0.624 1.10857
0.64 1.08961
0.656 1.07153
0.672 1.05455
0.688 1.03882
0.704 1.02447
0.72 1.01158
0.736 1.00016
0.752 0.99021
0.768 0.981688
0.784 0.974528
0.8 0.968648
0.816 0.963951
0.832 0.960335
0.848 0.957695
0.864 0.955926
0.88 0.954924
0.896 0.954587
0.912 0.95482
0.928 0.955535
0.944 0.956652
0.96 0.958099
0.976 0.959815
0.992 0.961745
1.008 0.963843
1.024 0.966069
1.04 0.968387
1.056 0.970764
1.072 0.973172
1.088 0.975578
1.104 0.977956
1.12 0.98028
1.136 0.982527
1.152 0.984683
1.168 0.986742
1.184 0.988702
1.2 0.990569
1.216 0.992356
1.232 0.994081
1.248 0.995759
1.264 0.9974
1.28 0.999005
1.296 1.00056
1.312 1.00205
1.328 1.00345
1.344 1.00471
1.36 1.00581
1.376 1.00672
1.392 1.00742
1.408 1.0079
1.424 1.00818
1.44 1.00829
1.456 1.00825
1.472 1.00812
1.488 1.00795
1.504 1.00782
1.52 1.00777
1.536 1.00788
1.552 1.00819
1.568 1.00873
1.584 1.00951
1.6 1.01053
1.616 1.01173
1.632 1.01306
1.648 1.01446
1.664 1.01582
1.68 1.01709
1.696 1.01817
1.712 1.01903
1.728 1.01962
1.744 1.01993
1.76 1.01995
1.776 1.01971
1.792 1.01924
1.808 1.01858
1.824 1.01777
1.84 1.01688
1.856 1.01595
1.872 1.01505
1.888 1.01421
1.904 1.01348
1.92 1.01289
1.936 1.01249
1.952 1.01227
1.968 1.01226
1.984 1.01245
2 1.01283
2.016 1.01337
2.032 1.01405
2.048 1.01481
2.064 1.01562
2.08 1.01641
2.096 1.01713
2.112 1.01774
2.128 1.01817
2.144 1.0184
2.16 1.01838
2.176 1.01811
2.192 1.01757
2.208 1.01678
2.224 1.01575
2.24 1.01451
2.256 1.0131
2.272 1.01155
2.288 1.00993
2.304 1.00827
2.32 1.00663
2.336 1.00504
2.352 1.00354
2.368 1.00215
2.384 1.00087
2.4 0.999702
2.416 0.998659
2.432 0.997746
2.448 0.99698
2.464 0.996392
2.48 0.996019
2.496 0.995899
2.512 0.996067
2.528 0.996541
2.544 0.997321
2.56 0.998385
2.576 0.999687
2.592 1.00116
2.608 1.00274
2.624 1.00434
2.64 1.00589
2.656 1.00733
2.672 1.0086
2.688 1.00967
2.704 1.01051
2.72 1.01113
2.736 1.01152
2.752 1.01169
2.768 1.01169
2.784 1.01154
2.8 1.01128
2.816 1.01094
2.832 1.01057
2.848 1.01019
2.864 1.0098
2.88 1.00943
2.896 1.00908
2.912 1.00875
2.928 1.00846
2.944 1.00823
2.96 1.00808
2.976 1.00804
2.992 1.00813
3.008 1.00839
3.024 1.00882
3.04 1.00944
3.056 1.01022
3.072 1.01116
3.088 1.01222
3.104 1.01337
3.12 1.01456
3.136 1.01576
3.152 1.01693
3.168 1.01803
3.184 1.01905
3.2 1.01997
3.216 1.02079
3.232 1.0215
3.248 1.0221
3.264 1.02263
3.28 1.0231
3.296 1.02353
3.312 1.02396
3.328 1.02443
3.344 1.02494
3.36 1.02552
3.376 1.02615
3.392 1.02684
3.408 1.02754
3.424 1.02821
3.44 1.0288
3.456 1.02925
3.472 1.02953
3.488 1.02958
3.504 1.02938
3.52 1.02889
3.536 1.02811
3.552 1.02703
3.568 1.02567
3.584 1.02405
3.6 1.02219
3.616 1.02013
3.632 1.01793
3.648 1.01562
3.664 1.01326
3.68 1.01089
3.696 1.00854
3.712 1.00624
3.728 1.00398
3.744 1.00177
3.76 0.999605
3.776 0.997473
3.792 0.995384
3.808 0.993361
3.824 0.991437
3.84 0.989659
3.856 0.98808
3.872 0.986759
3.888 0.985753
3.904 0.98511
3.92 0.98487
3.936 0.98506
3.952 0.985692
3.968 0.986765
3.984 0.988265
4 0.990156
4.016 0.99239
4.032 0.994905
4.048 0.997635
4.064 1.0005
4.08 1.00344
4.096 1.00639
4.112 1.00929
4.128 1.0121
4.144 1.0148
4.16 1.01737
4.176 1.01981
4.192 1.02211
4.208 1.02426
4.224 1.02625
4.24 1.02805
4.256 1.02965
4.272 1.03102
4.288 1.0321
4.304 1.03289
4.32 1.03337
4.336 1.03353
4.352 1.0334
4.368 1.03299
4.384 1.03237
4.4 1.0316
4.416 1.03075
4.432 1.0299
4.448 1.02912
4.464 1.02849
4.48 1.02806
4.496 1.02788
4.512 1.02796
4.528 1.0283
4.544 1.02891
4.56 1.02974
4.576 1.03076
4.592 1.03194
4.608 1.03323
4.624 1.03458
4.64 1.03596
4.656 1.03734
4.672 1.03868
4.688 1.03995
4.704 1.04114
4.72 1.04222
4.736 1.04317
4.752 1.04398
4.768 1.04465
4.784 1.04516
4.8 1.04551
4.816 1.04572
4.832 1.04577
4.848 1.04569
4.864 1.04548
4.88 1.04516
4.896 1.04473
4.912 1.04421
4.928 1.04359
4.944 1.04289
4.96 1.04212
4.976 1.04128
4.992 1.0404
5.008 1.03947
5.024 1.03853
5.04 1.03759
5.056 1.03668
5.072 1.03582
5.088 1.03504
5.104 1.03434
5.12 1.03375
5.136 1.03326
5.152 1.03287
5.168 1.03258
5.184 1.03238
5.2 1.03226
5.216 1.03222
5.232 1.03225
5.248 1.03237
5.264 1.03257
5.28 1.03288
5.296 1.03331
5.312 1.03388
5.328 1.03461
5.344 1.03551
5.36 1.03657
5.376 1.0378
5.392 1.03917
5.408 1.04066
5.424 1.04223
5.44 1.04384
5.456 1.04545
5.472 1.04699
5.488 1.04844
5.504 1.04974
5.52 1.05086
5.536 1.05179
5.552 1.05251
5.568 1.05303
5.584 1.05334
5.6 1.05348
5.616 1.05344
5.632 1.05323
5.648 1.05285
5.664 1.05229
5.68 1.05153
5.696 1.05056
5.712 1.04937
5.728 1.04795
5.744 1.04629
5.76 1.04442
5.776 1.04235
5.792 1.04013
5.808 1.0378
5.824 1.03542
5.84 1.03305
5.856 1.03077
5.872 1.02865
5.888 1.02672
5.904 1.02506
5.92 1.02367
5.936 1.02258
5.952 1.02178
5.968 1.02127
5.984 1.02102
6 1.02101
6.016 1.02121
6.032 1.02157
6.048 1.02208
6.064 1.02268
6.08 1.02336
6.096 1.02408
6.112 1.0248
6.128 1.02548
6.144 1.02607
6.16 1.02655
6.176 1.02685
6.192 1.02694
6.208 1.02678
6.224 1.02634
6.24 1.0256
6.256 1.02457
6.272 1.02327
6.288 1.02173
6.304 1.02
6.32 1.01814
6.336 1.01621
6.352 1.01426
6.368 1.01235
6.384 1.01053
6.4 1.00886
6.416 1.00738
6.432 1.00611
6.448 1.00511
6.464 1.00438
6.48 1.00395
6.496 1.00383
6.512 1.00401
6.528 1.00446
6.544 1.00515
6.56 1.00603
6.576 1.00705
6.592 1.00815
6.608 1.00928
6.624 1.01039
6.64 1.01145
6.656 1.01241
6.672 1.01327
6.688 1.01402
6.704 1.01466
6.72 1.0152
6.736 1.01565
6.752 1.01603
6.768 1.01635
6.784 1.01662
6.8 1.01686
6.816 1.01707
6.832 1.01726
6.848 1.01743
6.864 1.01759
6.88 1.01774
6.896 1.01788
6.912 1.01801
6.928 1.01811
6.944 1.01816
6.96 1.01813
6.976 1.01799
6.992 1.0177
7.008 1.01723
7.024 1.01654
7.04 1.01564
7.056 1.01451
7.072 1.01318
7.088 1.01167
7.104 1.01004
7.12 1.00834
7.136 1.00664
7.152 1.00499
7.168 1.00344
7.184 1.00205
7.2 1.00085
7.216 0.999839
7.232 0.999023
7.248 0.998384
7.264 0.997898
7.28 0.997533
7.296 0.997261
7.312 0.997061
7.328 0.996921
7.344 0.996841
7.36 0.996831
7.376 0.9969
7.392 0.997057
7.408 0.997304
7.424 0.997633
7.44 0.99803
7.456 0.998469
7.472 0.998924
7.488 0.999375
7.504 0.999806
7.52 1.00021
7.536 1.0006
7.552 1.00099
7.568 1.0014
7.584 1.00185
7.6 1.00236
7.616 1.00292
7.632 1.00352
7.648 1.00412
7.664 1.00468
7.68 1.00517
7.696 1.00553
7.712 1.00576
7.728 1.00583
7.744 1.00577
7.76 1.0056
7.776 1.00535
7.792 1.00506
7.808 1.00473
7.824 1.0044
7.84 1.00405
7.856 1.00368
7.872 1.00327
7.888 1.0028
7.904 1.00226
7.92 1.00166
7.936 1.00099
7.952 1.00028
7.968 0.999571
7.984 0.998919
8 0.998391
8.016 0.99806
8.032 0.998004
8.048 0.99829
8.064 0.998968
8.08 1.00006
8.096 1.00157
8.112 1.00345
8.128 1.00565
8.144 1.00808
8.16 1.01067
8.176 1.01335
8.192 1.01605
8.208 1.01871
8.224 1.02128
8.24 1.02371
8.256 1.026
8.272 1.0281
8.288 1.03001
8.304 1.03171
8.32 1.0332
8.336 1.03447
8.352 1.03552
8.368 1.03636
8.384 1.03698
8.4 1.0374
8.416 1.03761
8.432 1.03764
8.448 1.03749
8.464 1.03719
8.48 1.03678
8.496 1.03629
8.512 1.03576
8.528 1.03525
8.544 1.03479
8.56 1.03442
8.576 1.03416
8.592 1.034
8.608 1.03392
8.624 1.03391
8.64 1.03391
8.656 1.03388
8.672 1.03377
8.688 1.03353
8.704 1.03314
8.72 1.03259
8.736 1.03186
8.752 1.03097
8.768 1.02996
8.784 1.02886
8.8 1.02771
8.816 1.02655
8.832 1.02543
8.848 1.02436
8.864 1.02337
8.88 1.02248
8.896 1.02167
8.912 1.02096
8.928 1.02032
8.944 1.01974
8.96 1.0192
8.976 1.0187
8.992 1.01822
9.008 1.01777
9.024 1.01734
9.04 1.01694
9.056 1.01658
9.072 1.01629
9.088 1.01607
9.104 1.01592
9.12 1.01585
9.136 1.01582
9.152 1.01582
9.168 1.0158
9.184 1.01574
9.2 1.01558
9.216 1.0153
9.232 1.01486
9.248 1.01426
9.264 1.01348
9.28 1.01252
9.296 1.01141
9.312 1.01017
9.328 1.00883
9.344 1.00744
9.36 1.00604
9.376 1.0047
9.392 1.00346
9.408 1.00239
9.424 1.00154
9.44 1.00096
9.456 1.0007
9.472 1.00076
9.488 1.00117
9.504 1.00191
9.52 1.00296
9.536 1.00428
9.552 1.00582
9.568 1.00752
9.584 1.00934
9.6 1.01121
9.616 1.01309
9.632 1.01494
9.648 1.01674
9.664 1.01847
9.68 1.02012
9.696 1.02171
9.712 1.02323
9.728 1.02472
9.744 1.02621
9.76 1.02772
9.776 1.02928
9.792 1.03092
9.808 1.03264
9.824 1.03448
9.84 1.03642
9.856 1.03845
9.872 1.04058
9.888 1.04276
9.904 1.04498
9.92 1.04719
9.936 1.04935
9.952 1.05142
9.968 1.05337
9.984 1.05515
10 1.05672
10.016 1.05806
10.032 1.05912
10.048 1.05989
10.064 1.06034
10.08 1.06045
10.096 1.06023
10.112 1.05967
10.128 1.0588
10.144 1.05765
10.16 1.05625
10.176 1.05464
10.192 1.05287
10.208 1.05097
10.224 1.049
10.24 1.04699
10.256 1.04497
10.272 1.04298
10.288 1.04105
10.304 1.03919
10.32 1.03745
10.336 1.03584
10.352 1.03441
10.368 1.03319
10.384 1.03222
10.4 1.03153
10.416 1.03113
10.432 1.03105
10.448 1.03126
10.464 1.03171
10.48 1.03235
10.496 1.03309
10.512 1.03387
10.528 1.03459
10.544 1.03518
10.56 1.03557
10.576 1.03573
10.592 1.03563
10.608 1.03523
10.624 1.03456
10.64 1.03364
10.656 1.03249
10.672 1.03117
10.688 1.02974
10.704 1.02825
10.72 1.02677
10.736 1.02535
10.752 1.02403
10.768 1.02284
10.784 1.02176
10.8 1.02081
10.816 1.01996
10.832 1.01917
10.848 1.01843
10.864 1.01772
10.88 1.01701
10.896 1.0163
10.912 1.01561
10.928 1.01493
10.944 1.01429
10.96 1.01372
10.976 1.01324
10.992 1.01288
11.008 1.01267
11.024 1.01263
11.04 1.01277
11.056 1.01309
11.072 1.01355
11.088 1.01413
11.104 1.01479
11.12 1.01547
11.136 1.01615
11.152 1.01678
11.168 1.01735
11.184 1.01785
11.2 1.01827
11.216 1.01863
11.232 1.01893
11.248 1.0192
11.264 1.01945
11.28 1.0197
11.296 1.01998
11.312 1.02029
11.328 1.02065
11.344 1.02106
11.36 1.02154
11.376 1.02209
11.392 1.02273
11.408 1.02345
11.424 1.02427
11.44 1.02518
11.456 1.02618
11.472 1.02727
11.488 1.02842
11.504 1.02962
11.52 1.03083
11.536 1.03204
11.552 1.03321
11.568 1.03433
11.584 1.03538
11.6 1.03632
11.616 1.03714
11.632 1.03783
11.648 1.03835
11.664 1.0387
11.68 1.03887
11.696 1.03885
11.712 1.03866
11.728 1.03832
11.744 1.03785
11.76 1.03731
11.776 1.03674
11.792 1.03618
11.808 1.03569
11.824 1.03529
11.84 1.03499
11.856 1.03481
11.872 1.0347
11.888 1.03465
11.904 1.0346
11.92 1.03451
11.936 1.03434
11.952 1.03405
11.968 1.03363
11.984 1.03306
12 1.03235
12.016 1.03151
12.032 1.03056
12.048 1.02953
12.064 1.02846
12.08 1.02738
12.096 1.02635
12.112 1.02539
12.128 1.02454
12.144 1.02382
12.16 1.02322
12.176 1.02274
12.192 1.02234
12.208 1.02199
12.224 1.02164
12.24 1.02122
12.256 1.0207
12.272 1.02004
12.288 1.01922
12.304 1.01823
12.32 1.01709
12.336 1.01585
12.352 1.01455
12.368 1.01326
12.384 1.01205
12.4 1.01099
12.416 1.01011
12.432 1.00946
12.448 1.00905
12.464 1.00888
12.48 1.00893
12.496 1.00917
12.512 1.00957
12.528 1.0101
12.544 1.01072
12.56 1.01141
12.576 1.01217
12.592 1.01298
12.608 1.01384
12.624 1.01477
12.64 1.01578
12.656 1.01686
12.672 1.01802
12.688 1.01926
12.704 1.02055
12.72 1.02189
12.736 1.02324
12.752 1.02459
12.768 1.02592
12.784 1.02721
12.8 1.02843
12.816 1.02959
12.832 1.03068
12.848 1.0317
12.864 1.03265
12.88 1.03354
12.896 1.03437
12.912 1.03516
12.928 1.03592
12.944 1.03663
12.96 1.03729
12.976 1.03789
12.992 1.03841
13.008 1.03882
13.024 1.03908
13.04 1.03916
13.056 1.03903
13.072 1.03866
13.088 1.03803
13.104 1.03713
13.12 1.03594
13.136 1.03447
13.152 1.03275
13.168 1.03078
13.184 1.02861
13.2 1.02629
13.216 1.02386
13.232 1.0214
13.248 1.01898
13.264 1.01667
13.28 1.01457
13.296 1.01273
13.312 1.01122
13.328 1.01007
13.344 1.00931
13.36 1.00893
13.376 1.00892
13.392 1.00925
13.408 1.00986
13.424 1.01071
13.44 1.01173
13.456 1.01286
13.472 1.01404
13.488 1.01519
13.504 1.01628
13.52 1.01724
13.536 1.01806
13.552 1.0187
13.568 1.01914
13.584 1.01939
13.6 1.01944
13.616 1.01931
13.632 1.01901
13.648 1.01857
13.664 1.01799
13.68 1.01732
13.696 1.01658
13.712 1.01581
13.728 1.01505
13.744 1.01433
13.76 1.01368
13.776 1.01313
13.792 1.01269
13.808 1.01237
13.824 1.01215
13.84 1.01202
13.856 1.01196
13.872 1.01197
13.888 1.01203
13.904 1.01214
13.92 1.0123
13.936 1.01252
13.952 1.01282
13.968 1.01321
13.984 1.01369
14 1.01427
14.016 1.01496
14.032 1.01576
14.048 1.01664
14.064 1.0176
14.08 1.01863
14.096 1.0197
14.112 1.0208
14.128 1.0219
14.144 1.02298
14.16 1.02405
14.176 1.02507
14.192 1.02605
14.208 1.02698
14.224 1.02785
14.24 1.02866
14.256 1.02939
14.272 1.03005
14.288 1.03061
14.304 1.03107
14.32 1.03141
14.336 1.03163
14.352 1.03171
14.368 1.03164
14.384 1.03144
14.4 1.0311
14.416 1.03068
14.432 1.0302
14.448 1.02973
14.464 1.0293
14.48 1.02897
14.496 1.02876
14.512 1.02869
14.528 1.02875
14.544 1.02893
14.56 1.02922
14.576 1.02958
14.592 1.03001
14.608 1.0305
14.624 1.03105
14.64 1.03164
14.656 1.03231
14.672 1.03304
14.688 1.03387
14.704 1.03478
14.72 1.0358
14.736 1.03691
14.752 1.03812
14.768 1.03939
14.784 1.0407
14.8 1.04201
14.816 1.04329
14.832 1.04449
14.848 1.04554
14.864 1.04642
14.88 1.04707
14.896 1.04745
14.912 1.04756
14.928 1.04737
14.944 1.04689
14.96 1.04614
14.976 1.04514
14.992 1.04393
15.008 1.04255
15.024 1.04104
15.04 1.03946
15.056 1.03783
15.072 1.0362
15.088 1.03459
15.104 1.03303
15.12 1.03154
15.136 1.03014
15.152 1.02884
15.168 1.02766
15.184 1.0266
15.2 1.02568
15.216 1.02491
15.232 1.0243
15.248 1.02385
15.264 1.02356
15.28 1.02345
15.296 1.02351
15.312 1.02376
15.328 1.02419
15.344 1.0248
15.36 1.02558
15.376 1.02654
15.392 1.02765
15.408 1.02892
15.424 1.03031
15.44 1.03183
15.456 1.03345
15.472 1.03517
15.488 1.03697
15.504 1.03883
15.52 1.04076
15.536 1.04271
15.552 1.04468
15.568 1.04661
15.584 1.04847
15.6 1.0502
15.616 1.05174
15.632 1.05304
15.648 1.05403
15.664 1.05467
15.68 1.0549
15.696 1.05471
15.712 1.05409
15.728 1.05303
15.744 1.05157
15.76 1.04975
15.776 1.04764
15.792 1.0453
15.808 1.04282
15.824 1.04029
15.84 1.03779
15.856 1.03542
15.872 1.03325
15.888 1.03134
15.904 1.02976
15.92 1.02851
15.936 1.02761
15.952 1.02701
15.968 1.02667
15.984 1.0265
16 1.02642
16.016 1.02632
16.032 1.02613
16.048 1.02577
16.064 1.02519
16.08 1.02439
16.096 1.02338
16.112 1.02218
16.128 1.02087
16.144 1.0195
16.16 1.01813
16.176 1.01682
16.192 1.01562
16.208 1.01456
16.224 1.01367
16.24 1.01297
16.256 1.01248
16.272 1.01223
16.288 1.01223
16.304 1.0125
16.32 1.01304
16.336 1.01387
16.352 1.01496
16.368 1.01631
16.384 1.01788
16.4 1.01964
16.416 1.02156
16.432 1.02358
16.448 1.02569
16.464 1.02783
16.48 1.02997
16.496 1.03208
16.512 1.03413
16.528 1.03608
16.544 1.0379
16.56 1.03956
16.576 1.04106
16.592 1.04238
16.608 1.04352
16.624 1.04449
16.64 1.0453
16.656 1.04597
16.672 1.04652
16.688 1.04697
16.704 1.04736
16.72 1.04769
16.736 1.04797
16.752 1.04824
16.768 1.04848
16.784 1.0487
16.8 1.04892
16.816 1.04912
16.832 1.04929
16.848 1.04943
16.864 1.04953
16.88 1.04957
16.896 1.04954
16.912 1.04944
16.928 1.04928
16.944 1.04908
16.96 1.04887
16.976 1.04869
16.992 1.04857
17.008 1.04856
17.024 1.04867
17.04 1.04893
17.056 1.04931
17.072 1.04981
17.088 1.05041
17.104 1.05107
17.12 1.05178
17.136 1.0525
17.152 1.05321
17.168 1.0539
17.184 1.05455
17.2 1.05515
17.216 1.05567
17.232 1.0561
17.248 1.05645
17.264 1.0567
17.28 1.05684
17.296 1.05688
17.312 1.0568
17.328 1.05658
17.344 1.0562
17.36 1.05564
17.376 1.05487
17.392 1.05387
17.408 1.05262
17.424 1.05113
17.44 1.04939
17.456 1.04743
17.472 1.04527
17.488 1.04295
17.504 1.04051
17.52 1.03799
17.536 1.03545
17.552 1.03293
17.568 1.03046
17.584 1.02811
17.6 1.02588
17.616 1.02382
17.632 1.02194
17.648 1.02029
17.664 1.01887
17.68 1.01775
17.696 1.01694
17.712 1.01649
17.728 1.01645
17.744 1.01684
17.76 1.01769
17.776 1.01898
17.792 1.02069
17.808 1.02276
17.824 1.02511
17.84 1.02765
17.856 1.03027
17.872 1.03286
17.888 1.0353
17.904 1.03751
17.92 1.03941
17.936 1.04095
17.952 1.04209
17.968 1.04282
17.984 1.04316
18 1.04311
18.016 1.04273
18.032 1.04204
18.048 1.0411
18.064 1.03996
18.08 1.03869
18.096 1.03736
18.112 1.03603
18.128 1.03475
18.144 1.03356
18.16 1.03247
18.176 1.03148
18.192 1.03054
18.208 1.0296
18.224 1.02862
18.24 1.02756
18.256 1.02638
18.272 1.02508
18.288 1.02368
18.304 1.0222
18.32 1.02068
18.336 1.01917
18.352 1.0177
18.368 1.01631
18.384 1.01503
18.4 1.01386
18.416 1.01283
18.432 1.01194
18.448 1.0112
18.464 1.01062
18.48 1.01019
18.496 1.00989
18.512 1.00968
18.528 1.0095
18.544 1.00928
18.56 1.00894
18.576 1.00841
18.592 1.00764
18.608 1.00661
18.624 1.00533
18.64 1.00386
18.656 1.00225
18.672 1.00061
18.688 0.999034
18.704 0.997599
18.72 0.996369
18.736 0.995384
18.752 0.994654
18.768 0.994164
18.784 0.993882
18.8 0.993767
18.816 0.993776
18.832 0.993867
18.848 0.994012
18.864 0.994195
18.88 0.994416
18.896 0.994685
18.912 0.995023
18.928 0.995452
18.944 0.99599
18.96 0.996651
18.976 0.997434
18.992 0.998329
19.008 0.999316
19.024 1.00036
19.04 1.00144
19.056 1.00253
19.072 1.00358
19.088 1.00459
19.104 1.00553
19.12 1.0064
19.136 1.00718
19.152 1.00788
19.168 1.0085
19.184 1.00904
19.2 1.0095
19.216 1.0099
19.232 1.01024
19.248 1.01052
19.264 1.01075
19.28 1.01093
19.296 1.01109
19.312 1.01122
19.328 1.01134
19.344 1.01145
19.36 1.01156
19.376 1.01168
19.392 1.0118
19.408 1.01191
19.424 1.012
19.44 1.01206
19.456 1.01207
19.472 1.01201
19.488 1.01188
19.504 1.01167
19.52 1.01141
19.536 1.01112
19.552 1.01084
19.568 1.0106
19.584 1.01043
19.6 1.01036
19.616 1.01042
19.632 1.01065
19.648 1.0111
19.664 1.01184
19.68 1.01294
19.696 1.01443
19.712 1.01633
19.728 1.01863
19.744 1.02125
19.76 1.02413
19.776 1.02717
19.792 1.03026
19.808 1.03331
19.824 1.03622
19.84 1.03893
19.856 1.04135
19.872 1.04342
19.888 1.04509
19.904 1.04633
19.92 1.04711
19.936 1.04742
19.952 1.04728
19.968 1.04668
19.984 1.04568
20 1.04431
20.016 1.04264
20.032 1.04073
20.048 1.03866
20.064 1.0365
20.08 1.03434
20.096 1.03224
20.112 1.03027
20.128 1.02849
20.144 1.02694
20.16 1.02566
20.176 1.02466
20.192 1.02396
20.208 1.02355
20.224 1.02341
20.24 1.02352
20.256 1.02384
20.272 1.02435
20.288 1.02498
20.304 1.0257
20.32 1.02647
20.336 1.02723
20.352 1.02794
20.368 1.02856
20.384 1.02908
20.4 1.02947
20.416 1.02974
20.432 1.0299
20.448 1.02996
20.464 1.02997
20.48 1.02997
20.496 1.02998
20.512 1.03003
20.528 1.03013
20.544 1.03028
20.56 1.03048
20.576 1.0307
20.592 1.0309
20.608 1.03106
20.624 1.03113
20.64 1.03108
20.656 1.03087
20.672 1.03047
20.688 1.02988
20.704 1.02909
20.72 1.02811
20.736 1.02697
20.752 1.0257
20.768 1.02435
20.784 1.02296
20.8 1.02158
20.816 1.02024
20.832 1.01897
20.848 1.01779
20.864 1.01673
20.88 1.0158
20.896 1.015
20.912 1.01437
20.928 1.01392
20.944 1.01366
20.96 1.01361
20.976 1.01377
20.992 1.01415
21.008 1.01471
21.024 1.01544
21.04 1.0163
21.056 1.01724
21.072 1.0182
21.088 1.01915
21.104 1.02004
21.12 1.02083
21.136 1.02148
21.152 1.02197
21.168 1.02225
21.184 1.02229
21.2 1.02206
21.216 1.02154
21.232 1.02072
21.248 1.01958
21.264 1.01815
21.28 1.01646
21.296 1.01458
21.312 1.01259
21.328 1.01058
21.344 1.00866
21.36 1.00691
21.376 1.00542
21.392 1.0042
21.408 1.00328
21.424 1.00263
21.44 1.0022
21.456 1.00196
21.472 1.00185
21.488 1.00185
21.504 1.00194
21.52 1.00212
21.536 1.0024
21.552 1.00279
21.568 1.00327
21.584 1.00386
21.6 1.00454
21.616 1.0053
21.632 1.00613
21.648 1.00701
21.664 1.00794
21.68 1.0089
21.696 1.00989
21.712 1.01089
21.728 1.01189
21.744 1.01286
21.76 1.01378
21.776 1.01463
21.792 1.0154
21.808 1.01609
21.824 1.0167
21.84 1.01725
21.856 1.01774
21.872 1.01821
21.888 1.01866
21.904 1.0191
21.92 1.01952
21.936 1.0199
21.952 1.0202
21.968 1.02038
21.984 1.02039
22 1.02019
22.016 1.01974
22.032 1.01902
22.048 1.01804
22.064 1.0168
22.08 1.01533
22.096 1.01369
22.112 1.01193
22.128 1.0101
22.144 1.00827
22.16 1.00649
22.176 1.00479
22.192 1.00321
22.208 1.00174
22.224 1.0004
22.24 0.999177
22.256 0.998056
22.272 0.997024
22.288 0.996069
22.304 0.995187
22.32 0.994379
22.336 0.993655
22.352 0.993034
22.368 0.992538
22.384 0.992192
22.4 0.992017
22.416 0.992031
22.432 0.992243
22.448 0.992652
22.464 0.993249
22.48 0.994018
22.496 0.994945
22.512 0.996018
22.528 0.997224
22.544 0.998553
22.56 0.999995
22.576 1.00154
22.592 1.00315
22.608 1.00481
22.624 1.00647
22.64 1.00807
22.656 1.00955
22.672 1.01086
22.688 1.01194
22.704 1.01273
22.72 1.0132
22.736 1.01332
22.752 1.01308
22.768 1.01248
22.784 1.01153
22.8 1.01024
22.816 1.00866
22.832 1.00684
22.848 1.00485
22.864 1.00275
22.88 1.00065
22.896 0.998652
22.912 0.996853
22.928 0.995353
22.944 0.994235
22.96 0.993564
22.976 0.993382
22.992 0.993706
23.008 0.994535
23.024 0.995847
23.04 0.997603
23.056 0.999755
23.072 1.00224
23.088 1.00499
23.104 1.00791
23.12 1.01093
23.136 1.01395
23.152 1.0169
23.168 1.01969
23.184 1.02227
23.2 1.02461
23.216 1.02669
23.232 1.02854
23.248 1.03017
23.264 1.03166
23.28 1.03304
23.296 1.03437
23.312 1.03566
23.328 1.03693
23.344 1.03813
23.36 1.03922
23.376 1.04013
23.392 1.04081
23.408 1.04117
23.424 1.04119
23.44 1.04081
23.456 1.04002
23.472 1.03882
23.488 1.03723
23.504 1.03527
23.52 1.03299
23.536 1.03046
23.552 1.02775
23.568 1.02496
23.584 1.02216
23.6 1.01943
23.616 1.01686
23.632 1.01451
23.648 1.01241
23.664 1.01059
23.68 1.00907
23.696 1.00783
23.712 1.00686
23.728 1.00611
23.744 1.00557
23.76 1.0052
23.776 1.00498
23.792 1.00487
23.808 1.00487
23.824 1.00496
23.84 1.00514
23.856 1.00539
23.872 1.00571
23.888 1.0061
23.904 1.00655
23.92 1.00705
23.936 1.00758
23.952 1.00815
23.968 1.00874
23.984 1.00931
24 1.00987
24.016 1.01036
24.032 1.01078
24.048 1.0111
24.064 1.01131
24.08 1.01138
24.096 1.01133
24.112 1.01114
24.128 1.01086
24.144 1.01048
24.16 1.01004
24.176 1.00956
24.192 1.00908
24.208 1.00861
24.224 1.00818
24.24 1.00781
24.256 1.00748
24.272 1.00722
24.288 1.007
24.304 1.00682
24.32 1.00664
24.336 1.00645
24.352 1.00619
24.368 1.00583
24.384 1.00532
24.4 1.00463
24.416 1.00371
24.432 1.00255
24.448 1.00113
24.464 0.999491
24.48 0.997658
24.496 0.995699
24.512 0.993701
24.528 0.991771
24.544 0.990023
24.56 0.988561
24.576 0.987469
24.592 0.9868
24.608 0.986562
24.624 0.986727
24.64 0.987232
24.656 0.987996
24.672 0.988931
24.688 0.98995
24.704 0.99098
24.72 0.991959
24.736 0.992846
24.752 0.993612
24.768 0.994247
24.784 0.994751
24.8 0.995136
24.816 0.995419
24.832 0.995624
24.848 0.995774
24.864 0.995889
24.88 0.995986
24.896 0.996077
24.912 0.996173
24.928 0.996277
24.944 0.996395
24.96 0.99653
24.976 0.996686
24.992 0.996867
25.008 0.997076
25.024 0.997312
25.04 0.997573
25.056 0.997851
25.072 0.998134
25.088 0.99841
25.104 0.998662
25.12 0.998877
25.136 0.999046
25.152 0.999168
25.168 0.99925
25.184 0.999306
25.2 0.999357
25.216 0.999425
25.232 0.999536
25.248 0.999713
25.264 0.999968
25.28 1.0003
25.296 1.0007
25.312 1.00114
25.328 1.00157
25.344 1.00195
25.36 1.00221
25.376 1.00232
25.392 1.00223
25.408 1.00192
25.424 1.00139
25.44 1.00066
25.456 0.999781
25.472 0.998811
25.488 0.997825
25.504 0.996908
25.52 0.996153
25.536 0.995651
25.552 0.995482
25.568 0.995709
25.584 0.99637
25.6 0.997475
25.616 0.999003
25.632 1.00091
25.648 1.00313
25.664 1.00558
25.68 1.00819
25.696 1.01087
25.712 1.01355
25.728 1.01616
25.744 1.01864
25.76 1.02095
25.776 1.02306
25.792 1.02495
25.808 1.02661
25.824 1.02806
25.84 1.02933
25.856 1.03046
25.872 1.03151
25.888 1.03254
25.904 1.03361
25.92 1.03476
25.936 1.036
25.952 1.03734
25.968 1.03875
25.984 1.04017
26 1.04154
26.016 1.04282
26.032 1.04393
26.048 1.04484
26.064 1.04553
26.08 1.04596
26.096 1.04613
26.112 1.04604
26.128 1.0457
26.144 1.04511
26.16 1.04429
26.176 1.04326
26.192 1.04203
26.208 1.04062
26.224 1.03905
26.24 1.03735
26.256 1.03553
26.272 1.0336
26.288 1.0316
26.304 1.02955
26.32 1.02749
26.336 1.02544
26.352 1.02346
26.368 1.02158
26.384 1.01985
26.4 1.01828
26.416 1.01691
26.432 1.01575
26.448 1.0148
26.464 1.01405
26.48 1.01347
26.496 1.01305
26.512 1.01277
26.528 1.01259
26.544 1.0125
26.56 1.01248
26.576 1.01252
26.592 1.01261
26.608 1.01275
26.624 1.01292
26.64 1.01311
26.656 1.01331
26.672 1.01349
26.688 1.01363
26.704 1.0137
26.72 1.01367
26.736 1.01352
26.752 1.01322
26.768 1.01277
26.784 1.01218
26.8 1.01145
26.816 1.01063
26.832 1.00975
26.848 1.00886
26.864 1.00803
26.88 1.0073
26.896 1.00673
26.912 1.00637
26.928 1.00623
26.944 1.00635
26.96 1.00672
26.976 1.00735
26.992 1.00822
27.008 1.00932
27.024 1.01064
27.04 1.01216
27.056 1.01385
27.072 1.0157
27.088 1.01765
27.104 1.01968
27.12 1.02173
27.136 1.02376
27.152 1.02571
27.168 1.02754
27.184 1.0292
27.2 1.03067
27.216 1.03193
27.232 1.03295
27.248 1.03374
27.264 1.03428
27.28 1.03457
27.296 1.03461
27.312 1.03441
27.328 1.03396
27.344 1.03326
27.36 1.03234
27.376 1.03119
27.392 1.02986
27.408 1.02837
27.424 1.02674
27.44 1.02501
27.456 1.02319
27.472 1.02132
27.488 1.0194
27.504 1.01743
27.52 1.01544
27.536 1.01344
27.552 1.01144
27.568 1.00948
27.584 1.00761
27.6 1.00587
27.616 1.00433
27.632 1.00305
27.648 1.00206
27.664 1.0014
27.68 1.00107
27.696 1.00105
27.712 1.00134
27.728 1.00187
27.744 1.0026
27.76 1.0035
27.776 1.0045
27.792 1.00555
27.808 1.00663
27.824 1.00769
27.84 1.00869
27.856 1.00963
27.872 1.01048
27.888 1.01123
27.904 1.01188
27.92 1.01246
27.936 1.01296
27.952 1.01341
27.968 1.01383
27.984 1.01425
28 1.0147
28.016 1.01521
28.032 1.0158
28.048 1.01649
28.064 1.01733
28.08 1.01834
28.096 1.01954
28.112 1.02097
28.128 1.02266
28.144 1.02461
28.16 1.02683
28.176 1.02926
28.192 1.03185
28.208 1.0345
28.224 1.0371
28.24 1.03954
28.256 1.04171
28.272 1.04356
28.288 1.04501
28.304 1.04605
28.32 1.04668
28.336 1.04691
28.352 1.04676
28.368 1.04627
28.384 1.04547
28.4 1.04441
28.416 1.04313
28.432 1.04167
28.448 1.04007
28.464 1.03836
28.48 1.03656
28.496 1.03471
28.512 1.03282
28.528 1.03092
28.544 1.02902
28.56 1.02716
28.576 1.02534
28.592 1.02359
28.608 1.02192
28.624 1.02033
28.64 1.01884
28.656 1.01743
28.672 1.01612
28.688 1.0149
28.704 1.01377
28.72 1.01274
28.736 1.01181
28.752 1.01097
28.768 1.01024
28.784 1.0096
28.8 1.00903
28.816 1.00853
28.832 1.00808
28.848 1.00766
28.864 1.00726
28.88 1.00685
28.896 1.00645
28.912 1.00605
28.928 1.00567
28.944 1.00532
28.96 1.00504
28.976 1.00487
28.992 1.00484
29.008 1.00499
29.024 1.00535
29.04 1.00593
29.056 1.00672
29.072 1.00771
29.088 1.00887
29.104 1.01014
29.12 1.01149
29.136 1.01286
29.152 1.01421
29.168 1.0155
29.184 1.0167
29.2 1.01778
29.216 1.01872
29.232 1.0195
29.248 1.02013
29.264 1.0206
29.28 1.02091
29.296 1.02108
29.312 1.02113
29.328 1.02107
29.344 1.02095
29.36 1.02077
29.376 1.02058
29.392 1.0204
29.408 1.02027
29.424 1.02021
29.44 1.02024
29.456 1.02038
29.472 1.02065
29.488 1.02105
29.504 1.02159
29.52 1.02226
29.536 1.02305
29.552 1.02396
29.568 1.02497
29.584 1.02606
29.6 1.02723
29.616 1.02844
29.632 1.02966
29.648 1.03088
29.664 1.03207
29.68 1.03319
29.696 1.03424
29.712 1.03519
29.728 1.03603
29.744 1.03675
29.76 1.03735
29.776 1.03781
29.792 1.03814
29.808 1.03832
29.824 1.03836
29.84 1.03827
29.856 1.03804
29.872 1.03768
29.888 1.0372
29.904 1.03661
29.92 1.0359
29.936 1.03508
29.952 1.03414
29.968 1.03307
29.984 1.03189
30 1.03062
30.016 1.0293
30.032 1.02796
30.048 1.02665
30.064 1.0254
30.08 1.02424
30.096 1.02316
30.112 1.02215
30.128 1.02119
30.144 1.02026
30.16 1.01931
30.176 1.01832
30.192 1.01726
30.208 1.01611
30.224 1.01486
30.24 1.0135
30.256 1.01205
30.272 1.01052
30.288 1.00894
30.304 1.00736
30.32 1.0058
30.336 1.00431
30.352 1.00293
30.368 1.00171
30.384 1.00067
30.4 0.999844
30.416 0.999245
30.432 0.998884
30.448 0.998764
30.464 0.998888
30.48 0.999252
30.496 0.999855
30.512 1.00069
30.528 1.00177
30.544 1.00309
30.56 1.00464
30.576 1.00643
30.592 1.00843
30.608 1.01062
30.624 1.01296
30.64 1.01541
30.656 1.0179
30.672 1.02038
30.688 1.02278
30.704 1.02504
30.72 1.02709
30.736 1.02891
30.752 1.03045
30.768 1.0317
30.784 1.03265
30.8 1.0333
30.816 1.03368
30.832 1.0338
30.848 1.03367
30.864 1.03334
30.88 1.03281
30.896 1.03211
30.912 1.03127
30.928 1.03032
30.944 1.0293
30.96 1.02825
30.976 1.02721
30.992 1.02623
31.008 1.02537
31.024 1.02466
31.04 1.02413
31.056 1.0238
31.072 1.02366
31.088 1.0237
31.104 1.02389
31.12 1.02419
31.136 1.02458
31.152 1.02502
31.168 1.0255
31.184 1.026
31.2 1.02653
31.216 1.02707
31.232 1.02762
31.248 1.02819
31.264 1.02877
31.28 1.02933
31.296 1.02988
31.312 1.0304
31.328 1.03088
31.344 1.03132
31.36 1.03174
31.376 1.03213
31.392 1.03253
31.408 1.03293
31.424 1.03336
31.44 1.03383
31.456 1.03434
31.472 1.03489
31.488 1.03546
31.504 1.03603
31.52 1.03659
31.536 1.03709
31.552 1.03751
31.568 1.03782
31.584 1.03798
31.6 1.03795
31.616 1.03772
31.632 1.03727
31.648 1.03659
31.664 1.03569
31.68 1.03457
31.696 1.03326
31.712 1.03178
31.728 1.03019
31.744 1.02851
31.76 1.0268
31.776 1.02511
31.792 1.02346
31.808 1.02191
31.824 1.02046
31.84 1.01915
31.856 1.01797
31.872 1.01693
31.888 1.01602
31.904 1.01522
31.92 1.01452
31.936 1.01388
31.952 1.0133
31.968 1.01276
31.984 1.01223
32 1.01171
32.016 1.0112
32.032 1.0107
32.048 1.01021
32.064 1.00974
32.08 1.00932
32.096 1.00895
32.112 1.00864
32.128 1.00842
32.144 1.00829
32.16 1.00825
32.176 1.00832
32.192 1.0085
32.208 1.00879
32.224 1.00918
32.24 1.00967
32.256 1.01025
32.272 1.01089
32.288 1.01158
32.304 1.01227
32.32 1.01293
32.336 1.01352
32.352 1.014
32.368 1.01433
32.384 1.0145
32.4 1.01449
32.416 1.01433
32.432 1.01401
32.448 1.01359
32.464 1.01312
32.48 1.01263
32.496 1.01217
32.512 1.0118
32.528 1.01155
32.544 1.01144
32.56 1.01149
32.576 1.01172
32.592 1.01212
32.608 1.01271
32.624 1.01347
32.64 1.0144
32.656 1.01546
32.672 1.01665
32.688 1.01792
32.704 1.01923
32.72 1.02055
32.736 1.02183
32.752 1.02302
32.768 1.0241
32.784 1.02501
32.8 1.02573
32.816 1.02622
32.832 1.02647
32.848 1.02646
32.864 1.02618
32.88 1.02564
32.896 1.02486
32.912 1.02387
32.928 1.02273
32.944 1.02148
32.96 1.02023
32.976 1.01906
32.992 1.01807
33.008 1.01735
33.024 1.01699
33.04 1.01701
33.056 1.01744
33.072 1.01824
33.088 1.01934
33.104 1.02065
33.12 1.02206
33.136 1.02346
33.152 1.02478
33.168 1.02593
33.184 1.02688
33.2 1.02761
33.216 1.02814
33.232 1.0285
33.248 1.02874
33.264 1.02892
33.28 1.02911
33.296 1.02936
33.312 1.02971
33.328 1.0302
33.344 1.03082
33.36 1.03156
33.376 1.03238
33.392 1.03323
33.408 1.03405
33.424 1.03477
33.44 1.03535
33.456 1.03572
33.472 1.03586
33.488 1.03574
33.504 1.03535
33.52 1.03469
33.536 1.03379
33.552 1.03266
33.568 1.03132
33.584 1.02981
33.6 1.02815
33.616 1.02636
33.632 1.02447
33.648 1.02248
33.664 1.02042
33.68 1.01831
33.696 1.01617
33.712 1.01403
33.728 1.01191
33.744 1.00984
33.76 1.00782
33.776 1.00589
33.792 1.00402
33.808 1.00222
33.824 1.00047
33.84 0.998749
33.856 0.997041
33.872 0.995341
33.888 0.993654
33.904 0.991995
33.92 0.990388
33.936 0.988865
33.952 0.987458
33.968 0.986193
33.984 0.985094
34 0.984175
34.016 0.983445
34.032 0.982905
34.048 0.982546
34.064 0.982358
34.08 0.982327
34.096 0.982439
34.112 0.982679
34.128 0.983034
34.144 0.983495
34.16 0.984054
34.176 0.984708
34.192 0.985459
34.208 0.986309
34.224 0.987264
34.24 0.988328
34.256 0.989508
34.272 0.990808
34.288 0.992228
34.304 0.993766
34.32 0.995414
34.336 0.997162
34.352 0.998993
34.368 1.00088
34.384 1.00279
34.4 1.00467
34.416 1.00648
34.432 1.00816
34.448 1.00965
34.464 1.0109
34.48 1.01187
34.496 1.01253
34.512 1.01287
34.528 1.01288
34.544 1.01257
34.56 1.01197
34.576 1.0111
34.592 1.01001
34.608 1.00873
34.624 1.00732
34.64 1.00581
34.656 1.00426
34.672 1.0027
34.688 1.00117
34.704 0.999709
34.72 0.998334
34.736 0.997067
34.752 0.995919
34.768 0.994896
34.784 0.994004
34.8 0.993244
34.816 0.992626
34.832 0.992164
34.848 0.991885
34.864 0.991826
34.88 0.992035
34.896 0.992559
34.912 0.99344
34.928 0.994709
34.944 0.996369
34.96 0.998406
34.976 1.00078
34.992 1.00342
35.008 1.00626
35.024 1.00922
35.04 1.01221
35.056 1.01518
35.072 1.01804
35.088 1.02076
35.104 1.02328
35.12 1.02557
35.136 1.0276
35.152 1.02935
35.168 1.03082
35.184 1.032
35.2 1.0329
35.216 1.03354
35.232 1.03393
35.248 1.03411
35.264 1.0341
35.28 1.03395
35.296 1.03369
35.312 1.03336
35.328 1.03298
35.344 1.03259
35.36 1.03221
35.376 1.03184
35.392 1.0315
35.408 1.03118
35.424 1.03087
35.44 1.03054
35.456 1.03019
35.472 1.02979
35.488 1.02932
35.504 1.02879
35.52 1.0282
35.536 1.02756
35.552 1.0269
35.568 1.02624
35.584 1.02562
35.6 1.02508
35.616 1.02465
35.632 1.02435
35.648 1.0242
35.664 1.0242
35.68 1.02436
35.696 1.02466
35.712 1.02507
35.728 1.02557
35.744 1.02614
35.76 1.02674
35.776 1.02735
35.792 1.02794
35.808 1.02849
35.824 1.02898
35.84 1.02941
35.856 1.02977
35.872 1.03006
35.888 1.03028
35.904 1.03045
35.92 1.0306
35.936 1.03075
35.952 1.03094
35.968 1.0312
35.984 1.03155
36 1.032
36.016 1.03256
36.032 1.0332
36.048 1.03386
36.064 1.0345
36.08 1.03503
36.096 1.03539
36.112 1.03549
36.128 1.03529
36.144 1.03475
36.16 1.03384
36.176 1.03257
36.192 1.03094
36.208 1.02901
36.224 1.02681
36.24 1.0244
36.256 1.02186
36.272 1.01924
36.288 1.01662
36.304 1.01406
36.32 1.0116
36.336 1.00929
36.352 1.00714
36.368 1.00518
36.384 1.00339
36.4 1.00176
36.416 1.00028
36.432 0.998935
36.448 0.99769
36.464 0.99653
36.48 0.995436
36.496 0.994393
36.512 0.993392
36.528 0.992426
36.544 0.991496
36.56 0.990603
36.576 0.989754
36.592 0.988963
36.608 0.98825
36.624 0.98764
36.64 0.987168
36.656 0.986871
36.672 0.986788
36.688 0.986953
36.704 0.987395
36.72 0.988132
36.736 0.989174
36.752 0.990521
36.768 0.992164
36.784 0.994086
36.8 0.996262
36.816 0.998655
36.832 1.00122
36.848 1.00392
36.864 1.00669
36.88 1.00948
36.896 1.01225
36.912 1.01494
36.928 1.01752
36.944 1.01993
36.96 1.02216
36.976 1.02418
36.992 1.02596
37.008 1.0275
37.024 1.02878
37.04 1.02981
37.056 1.03059
37.072 1.03115
37.088 1.03148
37.104 1.03162
37.12 1.03157
37.136 1.03134
37.152 1.03092
37.168 1.03032
37.184 1.02954
37.2 1.02857
37.216 1.02743
37.232 1.02612
37.248 1.02468
37.264 1.02311
37.28 1.02146
37.296 1.01976
37.312 1.01806
37.328 1.01638
37.344 1.0148
37.36 1.01334
37.376 1.01206
37.392 1.01098
37.408 1.01013
37.424 1.00952
37.44 1.00914
37.456 1.00898
37.472 1.009
37.488 1.00917
37.504 1.00945
37.52 1.0098
37.536 1.01017
37.552 1.01053
37.568 1.01083
37.584 1.01105
37.6 1.01117
37.616 1.01118
37.632 1.01108
37.648 1.01088
37.664 1.0106
37.68 1.01029
37.696 1.00998
37.712 1.00973
37.728 1.00957
37.744 1.00954
37.76 1.00968
37.776 1.01001
37.792 1.01052
37.808 1.01123
37.824 1.01211
37.84 1.01314
37.856 1.0143
37.872 1.01556
37.888 1.01689
37.904 1.01825
37.92 1.01961
37.936 1.02093
37.952 1.02218
37.968 1.02331
37.984 1.02428
38 1.02508
38.016 1.02566
38.032 1.02602
38.048 1.02612
38.064 1.02598
38.08 1.02558
38.096 1.02494
38.112 1.02407
38.128 1.02299
38.144 1.02174
38.16 1.02036
38.176 1.01888
38.192 1.01737
38.208 1.01588
38.224 1.01447
38.24 1.01322
38.256 1.01218
38.272 1.01142
38.288 1.01099
38.304 1.01092
38.32 1.01121
38.336 1.01183
38.352 1.01274
38.368 1.01386
38.384 1.01511
38.4 1.01641
38.416 1.01767
38.432 1.01882
38.448 1.0198
38.464 1.02056
38.48 1.02108
38.496 1.02134
38.512 1.0213
38.528 1.02099
38.544 1.02039
38.56 1.01951
38.576 1.01838
38.592 1.01701
38.608 1.01544
38.624 1.0137
38.64 1.01182
38.656 1.00986
38.672 1.00784
38.688 1.00582
38.704 1.00382
38.72 1.00186
38.736 0.999967
38.752 0.998138
38.768 0.99637
38.784 0.994655
38.8 0.992982
38.816 0.991343
38.832 0.989733
38.848 0.988156
38.864 0.986622
38.88 0.985147
38.896 0.983753
38.912 0.982462
38.928 0.981297
38.944 0.980282
38.96 0.979433
38.976 0.978767
38.992 0.978289
39.008 0.978002
39.024 0.977902
39.04 0.977978
39.056 0.978216
39.072 0.978595
39.088 0.979094
39.104 0.97969
39.12 0.980365
39.136 0.981105
39.152 0.981899
39.168 0.982743
39.184 0.983635
39.2 0.984574
39.216 0.985561
39.232 0.986593
39.248 0.98767
39.264 0.988791
39.28 0.989954
39.296 0.991158
39.312 0.992404
39.328 0.993693
39.344 0.995021
39.36 0.996385
39.376 0.997775
39.392 0.999174
39.408 1.00056
39.424 1.00191
39.44 1.00319
39.456 1.00438
39.472 1.00545
39.488 1.00639
39.504 1.00717
39.52 1.00779
39.536 1.00824
39.552 1.00853
39.568 1.00865
39.584 1.0086
39.6 1.00841
39.616 1.00808
39.632 1.00765
39.648 1.00713
39.664 1.00656
39.68 1.00595
39.696 1.00533
39.712 1.00469
39.728 1.00404
39.744 1.00334
39.76 1.0026
39.776 1.00179
39.792 1.00092
39.808 0.99999
39.824 0.999025
39.84 0.998051
39.856 0.997096
39.872 0.99619
39.888 0.995354
39.904 0.994606
39.92 0.993955
39.936 0.993401
39.952 0.992941
39.968 0.99257
39.984 0.992284
40 0.992085
40.016 0.991983
40.032 0.992
40.048 0.992167
40.064 0.992519
40.08 0.993091
40.096 0.993903
40.112 0.994958
40.128 0.996232
40.144 0.997682
40.16 0.999254
40.176 1.00089
40.192 1.00252
40.208 1.0041
40.224 1.00559
40.24 1.00695
40.256 1.00815
40.272 1.00915
40.288 1.00995
40.304 1.01051
40.32 1.01083
40.336 1.0109
40.352 1.01072
40.368 1.0103
40.384 1.00964
40.4 1.00878
40.416 1.00773
40.432 1.00651
40.448 1.00516
40.464 1.0037
40.48 1.00214
40.496 1.00051
40.512 0.998827
40.528 0.997103
40.544 0.995353
40.56 0.993593
40.576 0.991839
40.592 0.990113
40.608 0.988439
40.624 0.986848
40.64 0.985377
40.656 0.984066
40.672 0.982957
40.688 0.982092
40.704 0.981511
40.72 0.981243
40.736 0.981306
40.752 0.981703
40.768 0.982419
40.784 0.983424
40.8 0.984678
40.816 0.986134
40.832 0.987746
40.848 0.989469
40.864 0.991268
40.88 0.993115
40.896 0.994995
40.912 0.9969
40.928 0.998837
40.944 1.00082
40.96 1.00286
40.976 1.00499
40.992 1.00721
41.008 1.00952
41.024 1.01193
41.04 1.01439
41.056 1.01689
41.072 1.01938
41.088 1.02182
41.104 1.02417
41.12 1.0264
41.136 1.02848
41.152 1.03036
41.168 1.03203
41.184 1.03346
41.2 1.03463
41.216 1.03553
41.232 1.03615
41.248 1.0365
41.264 1.03658
41.28 1.03641
41.296 1.03601
41.312 1.03539
41.328 1.0346
41.344 1.03368
41.36 1.03267
41.376 1.03164
41.392 1.03065
41.408 1.02977
41.424 1.02906
41.44 1.02859
41.456 1.02839
41.472 1.02848
41.488 1.02885
41.504 1.02943
41.52 1.03016
41.536 1.03093
41.552 1.03166
41.568 1.03226
41.584 1.03265
41.6 1.03278
41.616 1.03263
41.632 1.03216
41.648 1.03138
41.664 1.0303
41.68 1.02893
41.696 1.02729
41.712 1.02541
41.728 1.02331
41.744 1.02104
41.76 1.01862
41.776 1.0161
41.792 1.01351
41.808 1.0109
41.824 1.00833
41.84 1.00584
41.856 1.00351
41.872 1.00139
41.888 0.99952
41.904 0.997955
41.92 0.996716
41.936 0.995806
41.952 0.99521
41.968 0.994894
41.984 0.994811
42 0.994904
42.016 0.995118
42.032 0.995404
42.048 0.99572
42.064 0.996038
42.08 0.996343
42.096 0.996634
42.112 0.996922
42.128 0.997223
42.144 0.997561
42.16 0.997958
42.176 0.998439
42.192 0.999023
42.208 0.999728
42.224 1.00057
42.24 1.00155
42.256 1.00269
42.272 1.00398
42.288 1.00543
42.304 1.00704
42.32 1.00878
42.336 1.01064
42.352 1.01259
42.368 1.01457
42.384 1.01655
42.4 1.01845
42.416 1.02022
42.432 1.02181
42.448 1.02315
42.464 1.0242
42.48 1.02495
42.496 1.02536
42.512 1.02546
42.528 1.02524
42.544 1.02474
42.56 1.02401
42.576 1.02309
42.592 1.02205
42.608 1.02094
42.624 1.01982
42.64 1.01874
42.656 1.01773
42.672 1.01682
42.688 1.01602
42.704 1.01534
42.72 1.01476
42.736 1.01429
42.752 1.0139
42.768 1.01358
42.784 1.01333
42.8 1.01313
42.816 1.013
42.832 1.01292
42.848 1.01292
42.864 1.01302
42.88 1.01324
42.896 1.01362
42.912 1.01417
42.928 1.01492
42.944 1.01589
42.96 1.01708
42.976 1.01848
42.992 1.02007
43.008 1.0218
43.024 1.02363
43.04 1.02549
43.056 1.02733
43.072 1.02908
43.088 1.03069
43.104 1.03212
43.12 1.03334
43.136 1.03434
43.152 1.03512
43.168 1.03569
43.184 1.03606
43.2 1.03627
43.216 1.03633
43.232 1.03628
43.248 1.03614
43.264 1.03594
43.28 1.0357
43.296 1.03543
43.312 1.03513
43.328 1.03483
43.344 1.03452
43.36 1.0342
43.376 1.03387
43.392 1.03352
43.408 1.03315
43.424 1.03276
43.44 1.03232
43.456 1.03186
43.472 1.03136
43.488 1.03085
43.504 1.03033
43.52 1.02984
43.536 1.02939
43.552 1.02903
43.568 1.02877
43.584 1.02866
43.6 1.02872
43.616 1.02896
43.632 1.02938
43.648 1.02998
43.664 1.03074
43.68 1.03163
43.696 1.03263
43.712 1.0337
43.728 1.03482
43.744 1.03597
43.76 1.03713
43.776 1.03831
43.792 1.0395
43.808 1.04071
43.824 1.04194
43.84 1.04319
43.856 1.04445
43.872 1.04569
43.888 1.04689
43.904 1.04799
43.92 1.04896
43.936 1.04972
43.952 1.05022
43.968 1.05042
43.984 1.05026
44 1.04972
44.016 1.04878
44.032 1.04746
44.048 1.04577
44.064 1.04375
44.08 1.04147
44.096 1.03897
44.112 1.03634
44.128 1.03362
44.144 1.03088
44.16 1.02814
44.176 1.02543
44.192 1.02276
44.208 1.02012
44.224 1.0175
44.24 1.01491
44.256 1.01235
44.272 1.00986
44.288 1.00747
44.304 1.00525
44.32 1.00326
44.336 1.00158
44.352 1.00025
44.368 0.999341
44.384 0.998862
44.4 0.998821
44.416 0.999197
44.432 0.999955
44.448 1.00104
44.464 1.0024
44.48 1.00396
44.496 1.00564
44.512 1.00738
44.528 1.00911
44.544 1.01077
44.56 1.01231
44.576 1.01371
44.592 1.01493
44.608 1.01596
44.624 1.01681
44.64 1.01749
44.656 1.01801
44.672 1.0184
44.688 1.01867
44.704 1.01887
44.72 1.01903
44.736 1.01918
44.752 1.01937
44.768 1.01962
44.784 1.01998
44.8 1.02045
44.816 1.02104
44.832 1.02175
44.848 1.02255
44.864 1.02341
44.88 1.02429
44.896 1.02515
44.912 1.02595
44.928 1.02667
44.944 1.0273
44.96 1.02782
44.976 1.02825
44.992 1.02857
45.008 1.02879
45.024 1.02891
45.04 1.02895
45.056 1.02888
45.072 1.02873
45.088 1.0285
45.104 1.0282
45.12 1.02785
45.136 1.02745
45.152 1.02702
45.168 1.02656
45.184 1.02609
45.2 1.02562
45.216 1.02516
45.232 1.02472
45.248 1.02432
45.264 1.02399
45.28 1.02374
45.296 1.02359
45.312 1.02353
45.328 1.02358
45.344 1.02371
45.36 1.0239
45.376 1.02411
45.392 1.02431
45.408 1.02444
45.424 1.02448
45.44 1.02436
45.456 1.02407
45.472 1.02359
45.488 1.0229
45.504 1.02202
45.52 1.02098
45.536 1.01986
45.552 1.01873
45.568 1.0177
45.584 1.01687
45.6 1.01635
45.616 1.01621
45.632 1.01648
45.648 1.01714
45.664 1.01816
45.68 1.01945
45.696 1.02096
45.712 1.02259
45.728 1.0243
45.744 1.02601
45.76 1.02767
45.776 1.02925
45.792 1.0307
45.808 1.03199
45.824 1.0331
45.84 1.03402
45.856 1.03475
45.872 1.0353
45.888 1.03567
45.904 1.0359
45.92 1.03601
45.936 1.03601
45.952 1.03592
45.968 1.03577
45.984 1.03556
46 1.0353
46.016 1.035
46.032 1.03467
46.048 1.03431
46.064 1.03392
46.08 1.0335
46.096 1.03306
46.112 1.03258
46.128 1.03206
46.144 1.03151
46.16 1.03091
46.176 1.03027
46.192 1.02959
46.208 1.02886
46.224 1.02808
46.24 1.02722
46.256 1.02626
46.272 1.0252
46.288 1.024
46.304 1.02269
46.32 1.02126
46.336 1.01977
46.352 1.01827
46.368 1.01682
46.384 1.01548
46.4 1.01431
46.416 1.01334
46.432 1.0126
46.448 1.0121
46.464 1.01182
46.48 1.01177
46.496 1.01192
46.512 1.01225
46.528 1.01276
46.544 1.01344
46.56 1.01426
46.576 1.01524
46.592 1.01636
46.608 1.01762
46.624 1.01902
46.64 1.02055
46.656 1.02221
46.672 1.024
46.688 1.02591
46.704 1.02794
46.72 1.03006
46.736 1.03227
46.752 1.03455
46.768 1.03688
46.784 1.03924
46.8 1.04161
46.816 1.04398
46.832 1.04632
46.848 1.04863
46.864 1.05089
46.88 1.05308
46.896 1.05519
46.912 1.0572
46.928 1.0591
46.944 1.06088
46.96 1.06252
46.976 1.06401
46.992 1.06535
47.008 1.06651
47.024 1.06749
47.04 1.06828
47.056 1.06887
47.072 1.06924
47.088 1.06937
47.104 1.06925
47.12 1.06886
47.136 1.06818
47.152 1.06721
47.168 1.06594
47.184 1.06436
47.2 1.0625
47.216 1.06035
47.232 1.05794
47.248 1.05529
47.264 1.05241
47.28 1.04935
47.296 1.04613
47.312 1.04278
47.328 1.03936
47.344 1.03591
47.36 1.03247
47.376 1.02913
47.392 1.02592
47.408 1.02291
47.424 1.02014
47.44 1.01764
47.456 1.01544
47.472 1.01354
47.488 1.01192
47.504 1.01055
47.52 1.00941
47.536 1.00844
47.552 1.00762
47.568 1.00691
47.584 1.00628
47.6 1.00571
47.616 1.00517
47.632 1.00466
47.648 1.00417
47.664 1.00369
47.68 1.00323
47.696 1.00279
47.712 1.0024
47.728 1.00207
47.744 1.00185
47.76 1.00176
47.776 1.00186
47.792 1.00218
47.808 1.00276
47.824 1.00364
47.84 1.00483
47.856 1.00635
47.872 1.00819
47.888 1.01032
47.904 1.0127
47.92 1.0153
47.936 1.01805
47.952 1.02091
47.968 1.02382
47.984 1.02673
48 1.02962
