0 3.06446
0.016 3.06458
0.032 3.06493
0.048 3.0655
0.064 3.06626
0.08 3.06716
0.096 3.06815
0.112 3.06917
0.128 3.07012
0.144 3.07091
0.16 3.07139
0.176 3.07139
0.192 3.07073
0.208 3.06915
0.224 3.06638
0.24 3.06208
0.256 3.05587
0.272 3.04732
0.288 3.03596
0.304 3.02127
0.32 3.00277
0.336 2.98003
0.352 2.95276
0.368 2.9209
0.384 2.88462
0.4 2.84434
0.416 2.80068
0.432 2.75434
0.448 2.70604
0.464 2.65646
0.48 2.60626
0.496 2.55605
0.512 2.50644
0.528 2.45805
0.544 2.41151
0.56 2.36743
0.576 2.32642
0.592 2.28904
0.608 2.25573
0.624 2.22682
0.64 2.20245
0.656 2.18264
0.672 2.16721
0.688 2.15587
0.704 2.14822
0.72 2.14386
0.736 2.14235
0.752 2.1433
0.768 2.14635
0.784 2.15114
0.8 2.15735
0.816 2.16467
0.832 2.17282
0.848 2.18154
0.864 2.19062
0.88 2.19988
0.896 2.20912
0.912 2.21814
0.928 2.22672
0.944 2.23462
0.96 2.24157
0.976 2.24736
0.992 2.25181
1.008 2.25488
1.024 2.25659
1.04 2.25711
1.056 2.25669
1.072 2.25563
1.088 2.25423
1.104 2.25281
1.12 2.25163
1.136 2.25092
1.152 2.25088
1.168 2.25162
1.184 2.25323
1.2 2.25568
1.216 2.25892
1.232 2.26283
1.248 2.26727
1.264 2.27202
1.28 2.27685
1.296 2.28147
1.312 2.28562
1.328 2.2891
1.344 2.2918
1.36 2.29371
1.376 2.29497
1.392 2.29577
1.408 2.2964
1.424 2.29715
1.44 2.29822
1.456 2.29969
1.472 2.30148
1.488 2.30333
1.504 2.30492
1.52 2.30587
1.536 2.3059
1.552 2.30484
1.568 2.30272
1.584 2.29967
1.6 2.2959
1.616 2.29167
1.632 2.28719
1.648 2.28263
1.664 2.27809
1.68 2.27366
1.696 2.26942
1.712 2.26545
1.728 2.26184
1.744 2.25872
1.76 2.25623
1.776 2.25453
1.792 2.25382
1.808 2.25426
1.824 2.256
1.84 2.25911
1.856 2.2636
1.872 2.2694
1.888 2.27635
1.904 2.28421
1.92 2.29264
1.936 2.30131
1.952 2.30983
1.968 2.31791
1.984 2.32529
2 2.33186
2.016 2.33757
2.032 2.3425
2.048 2.34677
2.064 2.35053
2.08 2.35394
2.096 2.35711
2.112 2.36007
2.128 2.3628
2.144 2.36518
2.16 2.36705
2.176 2.36824
2.192 2.36866
2.208 2.36822
2.224 2.36693
2.24 2.36486
2.256 2.36212
2.272 2.35885
2.288 2.35518
2.304 2.35126
2.32 2.3472
2.336 2.34313
2.352 2.33916
2.368 2.33541
2.384 2.33196
2.4 2.32893
2.416 2.3264
2.432 2.3244
2.448 2.32297
2.464 2.32208
2.48 2.32174
2.496 2.32192
2.512 2.32262
2.528 2.3238
2.544 2.32539
2.56 2.3273
2.576 2.32941
2.592 2.33157
2.608 2.33367
2.624 2.33562
2.64 2.33733
2.656 2.33876
2.672 2.33988
2.688 2.34066
2.704 2.34106
2.72 2.34109
2.736 2.34073
2.752 2.34001
2.768 2.33899
2.784 2.33782
2.8 2.33677
2.816 2.33617
2.832 2.33635
2.848 2.33754
2.864 2.33977
2.88 2.34281
2.896 2.34624
2.912 2.34958
2.928 2.3524
2.944 2.35437
2.96 2.35533
2.976 2.35523
2.992 2.35414
3.008 2.35225
3.024 2.3498
3.04 2.3471
3.056 2.34448
3.072 2.34223
3.088 2.34058
3.104 2.33963
3.12 2.33937
3.136 2.33966
3.152 2.34031
3.168 2.34107
3.184 2.34172
3.2 2.34208
3.216 2.34203
3.232 2.34154
3.248 2.34061
3.264 2.3393
3.28 2.33768
3.296 2.33587
3.312 2.33395
3.328 2.33202
3.344 2.33012
3.36 2.3282
3.376 2.32617
3.392 2.32392
3.408 2.32137
3.424 2.31856
3.44 2.31562
3.456 2.31282
3.472 2.31047
3.488 2.30888
3.504 2.30825
3.52 2.3087
3.536 2.31018
3.552 2.31253
3.568 2.31549
3.584 2.31873
3.6 2.32195
3.616 2.32491
3.632 2.32745
3.648 2.32956
3.664 2.33138
3.68 2.33313
3.696 2.3351
3.712 2.3375
3.728 2.34038
3.744 2.34358
3.76 2.34677
3.776 2.34954
3.792 2.35147
3.808 2.35224
3.824 2.35162
3.84 2.34956
3.856 2.34612
3.872 2.34149
3.888 2.33597
3.904 2.32988
3.92 2.32357
3.936 2.31735
3.952 2.31142
3.968 2.3059
3.984 2.30079
4 2.29599
4.016 2.29138
4.032 2.28684
4.048 2.28228
4.064 2.27776
4.08 2.27342
4.096 2.26949
4.112 2.26626
4.128 2.26398
4.144 2.26286
4.16 2.26297
4.176 2.2643
4.192 2.26673
4.208 2.27011
4.224 2.27421
4.24 2.27879
4.256 2.28364
4.272 2.28855
4.288 2.29337
4.304 2.29795
4.32 2.3022
4.336 2.30603
4.352 2.30934
4.368 2.31207
4.384 2.31415
4.4 2.31551
4.416 2.31614
4.432 2.31603
4.448 2.31521
4.464 2.31375
4.48 2.31182
4.496 2.30966
4.512 2.30763
4.528 2.30614
4.544 2.30563
4.56 2.30639
4.576 2.30854
4.592 2.31197
4.608 2.31637
4.624 2.3214
4.64 2.32667
4.656 2.33185
4.672 2.33667
4.688 2.34092
4.704 2.34445
4.72 2.34716
4.736 2.34897
4.752 2.34985
4.768 2.34982
4.784 2.34891
4.8 2.34717
4.816 2.34465
4.832 2.34141
4.848 2.33753
4.864 2.33308
4.88 2.32815
4.896 2.3229
4.912 2.3175
4.928 2.31217
4.944 2.30711
4.96 2.3025
4.976 2.29839
4.992 2.29477
5.008 2.29147
5.024 2.28831
5.04 2.28511
5.056 2.28173
5.072 2.27815
5.088 2.2744
5.104 2.27064
5.12 2.26705
5.136 2.26381
5.152 2.26111
5.168 2.25907
5.184 2.25778
5.2 2.25734
5.216 2.25782
5.232 2.25929
5.248 2.26176
5.264 2.26514
5.28 2.26924
5.296 2.2737
5.312 2.27809
5.328 2.28199
5.344 2.28507
5.36 2.28726
5.376 2.28881
5.392 2.29036
5.408 2.29277
5.424 2.29679
5.44 2.3027
5.456 2.31019
5.472 2.31852
5.488 2.32683
5.504 2.33438
5.52 2.34068
5.536 2.34541
5.552 2.34845
5.568 2.34983
5.584 2.34971
5.6 2.34837
5.616 2.34614
5.632 2.34339
5.648 2.34045
5.664 2.33763
5.68 2.33513
5.696 2.33311
5.712 2.33167
5.728 2.33088
5.744 2.33076
5.76 2.33131
5.776 2.33246
5.792 2.33411
5.808 2.33611
5.824 2.33835
5.84 2.34071
5.856 2.34311
5.872 2.34547
5.888 2.3477
5.904 2.34969
5.92 2.35129
5.936 2.35235
5.952 2.35276
5.968 2.35242
5.984 2.3513
6 2.34945
6.016 2.34698
6.032 2.34406
6.048 2.34085
6.064 2.33752
6.08 2.33417
6.096 2.33083
6.112 2.32752
6.128 2.32426
6.144 2.32112
6.16 2.31816
6.176 2.31541
6.192 2.31284
6.208 2.3103
6.224 2.30766
6.24 2.3048
6.256 2.30171
6.272 2.29853
6.288 2.29543
6.304 2.29268
6.32 2.29049
6.336 2.28901
6.352 2.2883
6.368 2.28828
6.384 2.28877
6.4 2.2895
6.416 2.29022
6.432 2.29074
6.448 2.29095
6.464 2.29086
6.48 2.29056
6.496 2.29021
6.512 2.29001
6.528 2.29017
6.544 2.29083
6.56 2.29201
6.576 2.2936
6.592 2.29536
6.608 2.29699
6.624 2.29828
6.64 2.29914
6.656 2.29969
6.672 2.30019
6.688 2.30099
6.704 2.30243
6.72 2.3047
6.736 2.30778
6.752 2.31146
6.768 2.31535
6.784 2.31899
6.8 2.32195
6.816 2.32391
6.832 2.32471
6.848 2.32436
6.864 2.32302
6.88 2.32101
6.896 2.3187
6.912 2.3165
6.928 2.3148
6.944 2.3139
6.96 2.314
6.976 2.31518
6.992 2.31738
7.008 2.32043
7.024 2.32399
7.04 2.32764
7.056 2.33095
7.072 2.33354
7.088 2.33518
7.104 2.33574
7.12 2.3352
7.136 2.3336
7.152 2.33097
7.168 2.32731
7.184 2.32257
7.2 2.31669
7.216 2.30963
7.232 2.30145
7.248 2.29229
7.264 2.28243
7.28 2.27226
7.296 2.26226
7.312 2.25294
7.328 2.24484
7.344 2.23844
7.36 2.23409
7.376 2.23201
7.392 2.23223
7.408 2.23459
7.424 2.23879
7.44 2.2444
7.456 2.25093
7.472 2.25786
7.488 2.26473
7.504 2.27112
7.52 2.27669
7.536 2.28121
7.552 2.28452
7.568 2.28658
7.584 2.28743
7.6 2.28719
7.616 2.28603
7.632 2.28417
7.648 2.28181
7.664 2.27919
7.68 2.27648
7.696 2.27383
7.712 2.2713
7.728 2.26893
7.744 2.26671
7.76 2.26466
7.776 2.2629
7.792 2.26167
7.808 2.26141
7.824 2.26261
7.84 2.26572
7.856 2.27099
7.872 2.27829
7.888 2.28722
7.904 2.29721
7.92 2.30768
7.936 2.3181
7.952 2.32806
7.968 2.33723
7.984 2.34536
8 2.35231
8.016 2.35796
8.032 2.36231
8.048 2.36541
8.064 2.36737
8.08 2.36835
8.096 2.36854
8.112 2.36813
8.128 2.36729
8.144 2.36612
8.16 2.36468
8.176 2.36295
8.192 2.3609
8.208 2.35846
8.224 2.35555
8.24 2.35214
8.256 2.34818
8.272 2.34364
8.288 2.33854
8.304 2.33294
8.32 2.32697
8.336 2.32086
8.352 2.31489
8.368 2.30934
8.384 2.30445
8.4 2.30036
8.416 2.2971
8.432 2.29462
8.448 2.29285
8.464 2.29171
8.48 2.29119
8.496 2.29132
8.512 2.29219
8.528 2.29392
8.544 2.29664
8.56 2.30041
8.576 2.30517
8.592 2.31074
8.608 2.31684
8.624 2.32315
8.64 2.32935
8.656 2.33517
8.672 2.34045
8.688 2.34509
8.704 2.34904
8.72 2.35233
8.736 2.355
8.752 2.35707
8.768 2.35858
8.784 2.3595
8.8 2.35979
8.816 2.35939
8.832 2.35826
8.848 2.35638
8.864 2.35378
8.88 2.35056
8.896 2.34689
8.912 2.34303
8.928 2.33934
8.944 2.33621
8.96 2.33395
8.976 2.33269
8.992 2.33226
9.008 2.33229
9.024 2.33235
9.04 2.33209
9.056 2.33141
9.072 2.33043
9.088 2.3294
9.104 2.32855
9.12 2.32801
9.136 2.32777
9.152 2.32765
9.168 2.32743
9.184 2.32685
9.2 2.32575
9.216 2.32405
9.232 2.32181
9.248 2.31911
9.264 2.31609
9.28 2.31291
9.296 2.30969
9.312 2.30659
9.328 2.30377
9.344 2.30142
9.36 2.29971
9.376 2.29875
9.392 2.29857
9.408 2.2991
9.424 2.30021
9.44 2.3017
9.456 2.30336
9.472 2.30504
9.488 2.30658
9.504 2.3079
9.52 2.30895
9.536 2.30972
9.552 2.31018
9.568 2.31033
9.584 2.31013
9.6 2.30952
9.616 2.30842
9.632 2.30674
9.648 2.30441
9.664 2.30142
9.68 2.29784
9.696 2.29383
9.712 2.28962
9.728 2.28544
9.744 2.28153
9.76 2.278
9.776 2.2749
9.792 2.27218
9.808 2.26973
9.824 2.26746
9.84 2.2653
9.856 2.26328
9.872 2.26152
9.888 2.26023
9.904 2.25958
9.92 2.25971
9.936 2.26062
9.952 2.26222
9.968 2.26424
9.984 2.26635
10 2.26819
10.016 2.26948
10.032 2.27006
10.048 2.27003
10.064 2.26965
10.08 2.26932
10.096 2.26936
10.112 2.26993
10.128 2.27097
10.144 2.27239
10.16 2.27412
10.176 2.27624
10.192 2.27895
10.208 2.28248
10.224 2.28705
10.24 2.29277
10.256 2.29962
10.272 2.30746
10.288 2.31607
10.304 2.32518
10.32 2.3345
10.336 2.34379
10.352 2.35284
10.368 2.36145
10.384 2.36942
10.4 2.3766
10.416 2.38283
10.432 2.38799
10.448 2.39197
10.464 2.39471
10.48 2.39619
10.496 2.39642
10.512 2.39548
10.528 2.39349
10.544 2.39063
10.56 2.38711
10.576 2.38316
10.592 2.37904
10.608 2.37496
10.624 2.37111
10.64 2.36758
10.656 2.36437
10.672 2.36139
10.688 2.35849
10.704 2.35549
10.72 2.35222
10.736 2.34859
10.752 2.34456
10.768 2.34015
10.784 2.33537
10.8 2.33019
10.816 2.3246
10.832 2.31863
10.848 2.31239
10.864 2.30615
10.88 2.30032
10.896 2.29541
10.912 2.2919
10.928 2.29019
10.944 2.29049
10.96 2.29273
10.976 2.2966
10.992 2.30159
11.008 2.30704
11.024 2.31231
11.04 2.31683
11.056 2.32024
11.072 2.32234
11.088 2.32318
11.104 2.32296
11.12 2.32202
11.136 2.32074
11.152 2.31945
11.168 2.31838
11.184 2.31755
11.2 2.31688
11.216 2.31619
11.232 2.31528
11.248 2.31399
11.264 2.3122
11.28 2.30984
11.296 2.30687
11.312 2.30329
11.328 2.29917
11.344 2.29468
11.36 2.29008
11.376 2.28565
11.392 2.28166
11.408 2.27833
11.424 2.27581
11.44 2.27413
11.456 2.27328
11.472 2.27323
11.488 2.27388
11.504 2.27515
11.52 2.27694
11.536 2.27912
11.552 2.28154
11.568 2.28401
11.584 2.28633
11.6 2.2883
11.616 2.28976
11.632 2.2906
11.648 2.29081
11.664 2.29047
11.68 2.28968
11.696 2.28857
11.712 2.28726
11.728 2.28584
11.744 2.28437
11.76 2.2829
11.776 2.2814
11.792 2.27984
11.808 2.27815
11.824 2.27628
11.84 2.27418
11.856 2.27181
11.872 2.26913
11.888 2.2661
11.904 2.2627
11.92 2.25898
11.936 2.25515
11.952 2.25154
11.968 2.2486
11.984 2.24672
12 2.24614
12.016 2.24686
12.032 2.24872
12.048 2.2515
12.064 2.25503
12.08 2.25916
12.096 2.26378
12.112 2.2688
12.128 2.27409
12.144 2.27955
12.16 2.28503
12.176 2.29041
12.192 2.29559
12.208 2.30052
12.224 2.30518
12.24 2.30957
12.256 2.31369
12.272 2.31752
12.288 2.321
12.304 2.32403
12.32 2.3265
12.336 2.32831
12.352 2.32938
12.368 2.32968
12.384 2.32925
12.4 2.32818
12.416 2.32658
12.432 2.3246
12.448 2.32239
12.464 2.32005
12.48 2.31765
12.496 2.31524
12.512 2.31283
12.528 2.31044
12.544 2.3081
12.56 2.30586
12.576 2.30377
12.592 2.30193
12.608 2.30043
12.624 2.29937
12.64 2.29883
12.656 2.29889
12.672 2.29956
12.688 2.30083
12.704 2.30264
12.72 2.30489
12.736 2.30745
12.752 2.31019
12.768 2.31299
12.784 2.31575
12.8 2.31842
12.816 2.32098
12.832 2.32341
12.848 2.32573
12.864 2.32796
12.88 2.33012
12.896 2.33223
12.912 2.3343
12.928 2.33634
12.944 2.33829
12.96 2.34006
12.976 2.34146
12.992 2.34231
13.008 2.34247
13.024 2.34193
13.04 2.34078
13.056 2.33919
13.072 2.33738
13.088 2.33556
13.104 2.33392
13.12 2.33259
13.136 2.33168
13.152 2.3312
13.168 2.33112
13.184 2.33135
13.2 2.33176
13.216 2.3322
13.232 2.33249
13.248 2.33247
13.264 2.33201
13.28 2.33099
13.296 2.32938
13.312 2.32718
13.328 2.32448
13.344 2.32139
13.36 2.31809
13.376 2.31475
13.392 2.31157
13.408 2.30874
13.424 2.30643
13.44 2.30483
13.456 2.30405
13.472 2.30414
13.488 2.30499
13.504 2.30633
13.52 2.30786
13.536 2.30927
13.552 2.31036
13.568 2.31099
13.584 2.31114
13.6 2.31077
13.616 2.30987
13.632 2.30843
13.648 2.30652
13.664 2.30425
13.68 2.30179
13.696 2.29933
13.712 2.29708
13.728 2.29522
13.744 2.29384
13.76 2.29302
13.776 2.29274
13.792 2.29296
13.808 2.2936
13.824 2.29452
13.84 2.29558
13.856 2.2966
13.872 2.2974
13.888 2.29786
13.904 2.29795
13.92 2.29781
13.936 2.29775
13.952 2.29817
13.968 2.29947
13.984 2.30189
14 2.30539
14.016 2.30975
14.032 2.31462
14.048 2.31963
14.064 2.32447
14.08 2.32882
14.096 2.33243
14.112 2.33502
14.128 2.33635
14.144 2.33626
14.16 2.33463
14.176 2.33149
14.192 2.32699
14.208 2.32145
14.224 2.31529
14.24 2.30903
14.256 2.30322
14.272 2.29833
14.288 2.29465
14.304 2.29226
14.32 2.29101
14.336 2.29063
14.352 2.29081
14.368 2.29131
14.384 2.29195
14.4 2.29263
14.416 2.29329
14.432 2.29383
14.448 2.29416
14.464 2.29416
14.48 2.29377
14.496 2.29302
14.512 2.292
14.528 2.2909
14.544 2.28993
14.56 2.28927
14.576 2.28906
14.592 2.28938
14.608 2.29028
14.624 2.29181
14.64 2.29402
14.656 2.29694
14.672 2.3006
14.688 2.30493
14.704 2.30977
14.72 2.31487
14.736 2.31989
14.752 2.3245
14.768 2.32837
14.784 2.33123
14.8 2.3329
14.816 2.33329
14.832 2.33242
14.848 2.33044
14.864 2.32754
14.88 2.32396
14.896 2.31996
14.912 2.31581
14.928 2.3117
14.944 2.3078
14.96 2.30419
14.976 2.30087
14.992 2.29777
15.008 2.29477
15.024 2.29179
15.04 2.28879
15.056 2.28585
15.072 2.28309
15.088 2.28066
15.104 2.27867
15.12 2.27717
15.136 2.27614
15.152 2.27555
15.168 2.27531
15.184 2.27539
15.2 2.27575
15.216 2.27639
15.232 2.27727
15.248 2.27837
15.264 2.27963
15.28 2.28103
15.296 2.28251
15.312 2.28411
15.328 2.28589
15.344 2.28795
15.36 2.29039
15.376 2.29324
15.392 2.29646
15.408 2.29989
15.424 2.30329
15.44 2.30642
15.456 2.30907
15.472 2.31107
15.488 2.31237
15.504 2.31301
15.52 2.3131
15.536 2.31282
15.552 2.31237
15.568 2.31196
15.584 2.3118
15.6 2.31202
15.616 2.31273
15.632 2.31393
15.648 2.31559
15.664 2.31756
15.68 2.31964
15.696 2.32161
15.712 2.32319
15.728 2.32414
15.744 2.32426
15.76 2.32339
15.776 2.32143
15.792 2.31839
15.808 2.31435
15.824 2.30949
15.84 2.30407
15.856 2.2984
15.872 2.29278
15.888 2.28744
15.904 2.28251
15.92 2.27801
15.936 2.27392
15.952 2.27023
15.968 2.26702
15.984 2.26447
16 2.26284
16.016 2.26229
16.032 2.26281
16.048 2.26412
16.064 2.26584
16.08 2.26762
16.096 2.26932
16.112 2.27096
16.128 2.27266
16.144 2.27451
16.16 2.2765
16.176 2.27848
16.192 2.28024
16.208 2.28156
16.224 2.28225
16.24 2.28217
16.256 2.28132
16.272 2.27976
16.288 2.27769
16.304 2.27536
16.32 2.27309
16.336 2.27116
16.352 2.26988
16.368 2.26947
16.384 2.2701
16.4 2.27189
16.416 2.27484
16.432 2.27888
16.448 2.28381
16.464 2.28933
16.48 2.29505
16.496 2.3005
16.512 2.30521
16.528 2.30877
16.544 2.31087
16.56 2.31139
16.576 2.31037
16.592 2.30804
16.608 2.30478
16.624 2.30102
16.64 2.29719
16.656 2.29357
16.672 2.29036
16.688 2.2876
16.704 2.28532
16.72 2.28358
16.736 2.28249
16.752 2.28216
16.768 2.28266
16.784 2.28395
16.8 2.2859
16.816 2.28826
16.832 2.29076
16.848 2.29315
16.864 2.29525
16.88 2.29696
16.896 2.29824
16.912 2.29916
16.928 2.29982
16.944 2.30042
16.96 2.30117
16.976 2.30231
16.992 2.30404
17.008 2.30644
17.024 2.30949
17.04 2.31306
17.056 2.31701
17.072 2.32119
17.088 2.32547
17.104 2.32978
17.12 2.334
17.136 2.33797
17.152 2.34151
17.168 2.34442
17.184 2.34654
17.2 2.34776
17.216 2.34807
17.232 2.34755
17.248 2.34637
17.264 2.34473
17.28 2.34284
17.296 2.34089
17.312 2.33902
17.328 2.33732
17.344 2.3358
17.36 2.3344
17.376 2.33303
17.392 2.33158
17.408 2.32991
17.424 2.32791
17.44 2.32551
17.456 2.32264
17.472 2.31928
17.488 2.31548
17.504 2.3113
17.52 2.30689
17.536 2.30241
17.552 2.2981
17.568 2.29422
17.584 2.29105
17.6 2.28886
17.616 2.28784
17.632 2.28809
17.648 2.28955
17.664 2.29205
17.68 2.29533
17.696 2.29914
17.712 2.30324
17.728 2.30746
17.744 2.31169
17.76 2.31586
17.776 2.31992
17.792 2.32382
17.808 2.32749
17.824 2.33076
17.84 2.33339
17.856 2.33505
17.872 2.33536
17.888 2.33392
17.904 2.33048
17.92 2.32487
17.936 2.31717
17.952 2.3076
17.968 2.29657
17.984 2.28456
18 2.2721
18.016 2.25968
18.032 2.24772
18.048 2.23664
18.064 2.22689
18.08 2.21908
18.096 2.21392
18.112 2.21213
18.128 2.21426
18.144 2.22046
18.16 2.23039
18.176 2.24326
18.192 2.25803
18.208 2.2736
18.224 2.289
18.24 2.30345
18.256 2.31641
18.272 2.32759
18.288 2.33691
18.304 2.34442
18.32 2.35026
18.336 2.3546
18.352 2.35758
18.368 2.35929
18.384 2.35978
18.4 2.35906
18.416 2.35709
18.432 2.35381
18.448 2.34921
18.464 2.34337
18.48 2.33652
18.496 2.32905
18.512 2.32146
18.528 2.31427
18.544 2.30797
18.56 2.30289
18.576 2.29923
18.592 2.29701
18.608 2.29612
18.624 2.29632
18.64 2.2973
18.656 2.29872
18.672 2.30018
18.688 2.30138
18.704 2.30204
18.72 2.302
18.736 2.30123
18.752 2.29977
18.768 2.29778
18.784 2.29545
18.8 2.29304
18.816 2.29077
18.832 2.28884
18.848 2.2874
18.864 2.28653
18.88 2.28622
18.896 2.28644
18.912 2.28707
18.928 2.28801
18.944 2.28913
18.96 2.29033
18.976 2.29152
18.992 2.29262
19.008 2.29357
19.024 2.29432
19.04 2.29489
19.056 2.29532
19.072 2.29572
19.088 2.29622
19.104 2.29697
19.12 2.29808
19.136 2.29963
19.152 2.30161
19.168 2.30401
19.184 2.30675
19.2 2.30972
19.216 2.31275
19.232 2.31569
19.248 2.31838
19.264 2.32073
19.28 2.32272
19.296 2.32443
19.312 2.32599
19.328 2.32757
19.344 2.32929
19.36 2.33122
19.376 2.33335
19.392 2.33556
19.408 2.3377
19.424 2.33961
19.44 2.34115
19.456 2.34223
19.472 2.34282
19.488 2.34296
19.504 2.34277
19.52 2.34243
19.536 2.34215
19.552 2.34214
19.568 2.34258
19.584 2.3436
19.6 2.34523
19.616 2.34743
19.632 2.35008
19.648 2.35304
19.664 2.35612
19.68 2.35914
19.696 2.36196
19.712 2.36445
19.728 2.36657
19.744 2.36827
19.76 2.36956
19.776 2.3704
19.792 2.37073
19.808 2.37049
19.824 2.36956
19.84 2.36786
19.856 2.36528
19.872 2.36173
19.888 2.35713
19.904 2.35144
19.92 2.34469
19.936 2.33697
19.952 2.32847
19.968 2.31944
19.984 2.31021
20 2.30117
20.016 2.29268
20.032 2.28514
20.048 2.27886
20.064 2.27408
20.08 2.27094
20.096 2.2695
20.112 2.26969
20.128 2.27138
20.144 2.27436
20.16 2.27842
20.176 2.28331
20.192 2.28877
20.208 2.29459
20.224 2.30058
20.24 2.3066
20.256 2.31254
20.272 2.31834
20.288 2.32397
20.304 2.3294
20.32 2.33464
20.336 2.33967
20.352 2.34445
20.368 2.34891
20.384 2.35295
20.4 2.35647
20.416 2.35934
20.432 2.36146
20.448 2.36279
20.464 2.36331
20.48 2.36307
20.496 2.36215
20.512 2.36067
20.528 2.35879
20.544 2.35672
20.56 2.3547
20.576 2.35304
20.592 2.35208
20.608 2.3521
20.624 2.35331
20.64 2.3557
20.656 2.35909
20.672 2.36314
20.688 2.36744
20.704 2.37158
20.72 2.37518
20.736 2.37796
20.752 2.37974
20.768 2.38052
20.784 2.38043
20.8 2.37973
20.816 2.37872
20.832 2.37771
20.848 2.37691
20.864 2.37643
20.88 2.37627
20.896 2.37634
20.912 2.37652
20.928 2.37663
20.944 2.3765
20.96 2.37593
20.976 2.37477
20.992 2.37286
21.008 2.37014
21.024 2.3666
21.04 2.36234
21.056 2.35754
21.072 2.35249
21.088 2.34747
21.104 2.34278
21.12 2.33865
21.136 2.33517
21.152 2.33233
21.168 2.32999
21.184 2.32799
21.2 2.3261
21.216 2.32416
21.232 2.32202
21.248 2.3196
21.264 2.31689
21.28 2.31396
21.296 2.31101
21.312 2.30826
21.328 2.30595
21.344 2.30427
21.36 2.30328
21.376 2.30296
21.392 2.30326
21.408 2.3041
21.424 2.30543
21.44 2.30721
21.456 2.30937
21.472 2.31178
21.488 2.31429
21.504 2.31676
21.52 2.31903
21.536 2.321
21.552 2.32259
21.568 2.32375
21.584 2.32448
21.6 2.32483
21.616 2.32491
21.632 2.32486
21.648 2.32483
21.664 2.32495
21.68 2.32531
21.696 2.32596
21.712 2.32686
21.728 2.32796
21.744 2.32913
21.76 2.33023
21.776 2.3311
21.792 2.33153
21.808 2.33132
21.824 2.33027
21.84 2.32818
21.856 2.32497
21.872 2.32064
21.888 2.31531
21.904 2.3093
21.92 2.30304
21.936 2.29705
21.952 2.29184
21.968 2.28787
21.984 2.28543
22 2.2846
22.016 2.28527
22.032 2.28712
22.048 2.28969
22.064 2.29251
22.08 2.2951
22.096 2.29708
22.112 2.29822
22.128 2.29839
22.144 2.29763
22.16 2.29606
22.176 2.29388
22.192 2.29134
22.208 2.28868
22.224 2.28615
22.24 2.28399
22.256 2.28238
22.272 2.28151
22.288 2.28152
22.304 2.28252
22.32 2.28456
22.336 2.2876
22.352 2.29142
22.368 2.29568
22.384 2.29991
22.4 2.30367
22.416 2.30668
22.432 2.30885
22.448 2.31032
22.464 2.3114
22.48 2.31243
22.496 2.31372
22.512 2.31553
22.528 2.31795
22.544 2.321
22.56 2.3246
22.576 2.32863
22.592 2.333
22.608 2.33757
22.624 2.34225
22.64 2.34693
22.656 2.35151
22.672 2.3559
22.688 2.36001
22.704 2.36376
22.72 2.36705
22.736 2.36973
22.752 2.37157
22.768 2.37234
22.784 2.37181
22.8 2.36986
22.816 2.36648
22.832 2.36184
22.848 2.35621
22.864 2.34995
22.88 2.34343
22.896 2.33703
22.912 2.33106
22.928 2.32582
22.944 2.32157
22.96 2.3185
22.976 2.31676
22.992 2.31639
23.008 2.3173
23.024 2.31926
23.04 2.32192
23.056 2.3249
23.072 2.32779
23.088 2.33025
23.104 2.33199
23.12 2.33282
23.136 2.33262
23.152 2.33131
23.168 2.3289
23.184 2.32548
23.2 2.32121
23.216 2.31632
23.232 2.31108
23.248 2.30578
23.264 2.30066
23.28 2.29588
23.296 2.29154
23.312 2.28765
23.328 2.28421
23.344 2.28124
23.36 2.27878
23.376 2.27692
23.392 2.27573
23.408 2.27523
23.424 2.27543
23.44 2.27627
23.456 2.27769
23.472 2.27965
23.488 2.28216
23.504 2.28523
23.52 2.28888
23.536 2.29311
23.552 2.29786
23.568 2.30305
23.584 2.30857
23.6 2.31429
23.616 2.32008
23.632 2.32583
23.648 2.33143
23.664 2.33681
23.68 2.34183
23.696 2.34639
23.712 2.35031
23.728 2.35339
23.744 2.3554
23.76 2.35613
23.776 2.3554
23.792 2.35311
23.808 2.34927
23.824 2.34398
23.84 2.33747
23.856 2.33007
23.872 2.3222
23.888 2.31427
23.904 2.30665
23.92 2.29954
23.936 2.29297
23.952 2.28681
23.968 2.28094
23.984 2.27532
24 2.27002
24.016 2.26528
24.032 2.26139
24.048 2.25866
24.064 2.25729
24.08 2.25737
24.096 2.25885
24.112 2.26153
24.128 2.26516
24.144 2.26943
24.16 2.27404
24.176 2.27873
24.192 2.28329
24.208 2.28757
24.224 2.29151
24.24 2.2951
24.256 2.29844
24.272 2.30168
24.288 2.30501
24.304 2.30864
24.32 2.3127
24.336 2.31724
24.352 2.32224
24.368 2.32757
24.384 2.33303
24.4 2.3384
24.416 2.3434
24.432 2.34777
24.448 2.35124
24.464 2.35362
24.48 2.35476
24.496 2.35461
24.512 2.35321
24.528 2.35074
24.544 2.34743
24.56 2.34361
24.576 2.3396
24.592 2.33566
24.608 2.33196
24.624 2.32856
24.64 2.32539
24.656 2.32234
24.672 2.31927
24.688 2.31611
24.704 2.31284
24.72 2.30956
24.736 2.30642
24.752 2.30364
24.768 2.30142
24.784 2.29998
24.8 2.29945
24.816 2.29993
24.832 2.30143
24.848 2.30393
24.864 2.30733
24.88 2.31149
24.896 2.3162
24.912 2.32117
24.928 2.32606
24.944 2.33049
24.96 2.33405
24.976 2.33636
24.992 2.33711
25.008 2.3361
25.024 2.33327
25.04 2.32874
25.056 2.32277
25.072 2.31572
25.088 2.308
25.104 2.29998
25.12 2.29201
25.136 2.28446
25.152 2.27771
25.168 2.27215
25.184 2.26814
25.2 2.26593
25.216 2.26554
25.232 2.26681
25.248 2.26934
25.264 2.27266
25.28 2.27624
25.296 2.2796
25.312 2.28241
25.328 2.28444
25.344 2.28566
25.36 2.28617
25.376 2.28614
25.392 2.2858
25.408 2.28536
25.424 2.28496
25.44 2.28471
25.456 2.28471
25.472 2.28504
25.488 2.28577
25.504 2.28694
25.52 2.2885
25.536 2.29034
25.552 2.2923
25.568 2.29417
25.584 2.29578
25.6 2.29701
25.616 2.29782
25.632 2.29824
25.648 2.29838
25.664 2.29838
25.68 2.29836
25.696 2.29845
25.712 2.29869
25.728 2.29907
25.744 2.29958
25.76 2.30018
25.776 2.30091
25.792 2.30181
25.808 2.30295
25.824 2.30436
25.84 2.30603
25.856 2.30788
25.872 2.30978
25.888 2.31161
25.904 2.31326
25.92 2.31466
25.936 2.31581
25.952 2.31676
25.968 2.31764
25.984 2.31858
26 2.31975
26.016 2.32128
26.032 2.32323
26.048 2.32561
26.064 2.32831
26.08 2.33116
26.096 2.33396
26.112 2.33647
26.128 2.33848
26.144 2.33983
26.16 2.34046
26.176 2.34041
26.192 2.33984
26.208 2.33894
26.224 2.33786
26.24 2.33665
26.256 2.33523
26.272 2.33346
26.288 2.3312
26.304 2.32836
26.32 2.32499
26.336 2.32124
26.352 2.3173
26.368 2.31342
26.384 2.30982
26.4 2.30672
26.416 2.30433
26.432 2.30285
26.448 2.30241
26.464 2.30311
26.48 2.30493
26.496 2.30777
26.512 2.3114
26.528 2.31553
26.544 2.31981
26.56 2.3239
26.576 2.32748
26.592 2.33032
26.608 2.33227
26.624 2.33329
26.64 2.33343
26.656 2.33288
26.672 2.3319
26.688 2.33083
26.704 2.33003
26.72 2.32985
26.736 2.33057
26.752 2.33235
26.768 2.33519
26.784 2.33897
26.8 2.34343
26.816 2.34823
26.832 2.35302
26.848 2.35743
26.864 2.36111
26.88 2.36376
26.896 2.36511
26.912 2.36499
26.928 2.36327
26.944 2.35994
26.96 2.35513
26.976 2.34908
26.992 2.34217
27.008 2.33492
27.024 2.32791
27.04 2.32175
27.056 2.31695
27.072 2.31385
27.088 2.31255
27.104 2.3129
27.12 2.31458
27.136 2.31712
27.152 2.32007
27.168 2.32297
27.184 2.32551
27.2 2.32742
27.216 2.32857
27.232 2.32888
27.248 2.32838
27.264 2.32714
27.28 2.32529
27.296 2.32303
27.312 2.32059
27.328 2.31822
27.344 2.31614
27.36 2.31451
27.376 2.31337
27.392 2.31265
27.408 2.31219
27.424 2.3118
27.44 2.31127
27.456 2.31045
27.472 2.30918
27.488 2.30738
27.504 2.30502
27.52 2.30215
27.536 2.29888
27.552 2.29541
27.568 2.29195
27.584 2.28879
27.6 2.28615
27.616 2.28425
27.632 2.28323
27.648 2.28312
27.664 2.28386
27.68 2.28531
27.696 2.28729
27.712 2.28963
27.728 2.2922
27.744 2.29491
27.76 2.29776
27.776 2.30078
27.792 2.30405
27.808 2.3076
27.824 2.31148
27.84 2.31562
27.856 2.31992
27.872 2.32424
27.888 2.32844
27.904 2.33239
27.92 2.33601
27.936 2.33929
27.952 2.34226
27.968 2.34498
27.984 2.3475
28 2.34989
28.016 2.35212
28.032 2.35416
28.048 2.3559
28.064 2.35722
28.08 2.35797
28.096 2.358
28.112 2.35722
28.128 2.3556
28.144 2.35322
28.16 2.35024
28.176 2.34695
28.192 2.34367
28.208 2.34073
28.224 2.3384
28.24 2.33684
28.256 2.33614
28.272 2.33627
28.288 2.33715
28.304 2.3387
28.32 2.34084
28.336 2.34349
28.352 2.34652
28.368 2.3497
28.384 2.35273
28.4 2.35525
28.416 2.35698
28.432 2.35777
28.448 2.35764
28.464 2.35666
28.48 2.35491
28.496 2.35245
28.512 2.34928
28.528 2.34545
28.544 2.34109
28.56 2.33643
28.576 2.33175
28.592 2.32723
28.608 2.32298
28.624 2.31897
28.64 2.31508
28.656 2.31119
28.672 2.30721
28.688 2.30311
28.704 2.29889
28.72 2.29463
28.736 2.29045
28.752 2.28652
28.768 2.28303
28.784 2.28024
28.8 2.27836
28.816 2.27752
28.832 2.2777
28.848 2.27871
28.864 2.28023
28.88 2.28184
28.896 2.28319
28.912 2.28404
28.928 2.28427
28.944 2.28397
28.96 2.28334
28.976 2.28265
28.992 2.28217
29.008 2.28212
29.024 2.2826
29.04 2.28361
29.056 2.28513
29.072 2.2871
29.088 2.2895
29.104 2.29236
29.12 2.29574
29.136 2.29969
29.152 2.3042
29.168 2.3092
29.184 2.3145
29.2 2.31982
29.216 2.32482
29.232 2.32909
29.248 2.33222
29.264 2.33385
29.28 2.33368
29.296 2.33158
29.312 2.32755
29.328 2.32177
29.344 2.31459
29.36 2.30648
29.376 2.29802
29.392 2.2898
29.408 2.28237
29.424 2.27612
29.44 2.27124
29.456 2.26772
29.472 2.26533
29.488 2.2638
29.504 2.26283
29.52 2.26218
29.536 2.26166
29.552 2.26119
29.568 2.26073
29.584 2.26029
29.6 2.25992
29.616 2.25965
29.632 2.2595
29.648 2.25947
29.664 2.25952
29.68 2.25963
29.696 2.25978
29.712 2.25998
29.728 2.26027
29.744 2.26074
29.76 2.26148
29.776 2.26261
29.792 2.26419
29.808 2.26626
29.824 2.26877
29.84 2.27168
29.856 2.27492
29.872 2.27851
29.888 2.28248
29.904 2.28691
29.92 2.29178
29.936 2.29695
29.952 2.30213
29.968 2.30695
29.984 2.31102
30 2.31402
30.016 2.31574
30.032 2.31607
30.048 2.31505
30.064 2.31283
30.08 2.30968
30.096 2.30594
30.112 2.30204
30.128 2.29841
30.144 2.29545
30.16 2.2935
30.176 2.2928
30.192 2.29344
30.208 2.29537
30.224 2.2983
30.24 2.30178
30.256 2.30519
30.272 2.30792
30.288 2.30941
30.304 2.3093
30.32 2.30743
30.336 2.30385
30.352 2.29878
30.368 2.2926
30.384 2.28575
30.4 2.27872
30.416 2.27194
30.432 2.26579
30.448 2.26052
30.464 2.25625
30.48 2.25296
30.496 2.25053
30.512 2.24879
30.528 2.24767
30.544 2.24715
30.56 2.24728
30.576 2.24802
30.592 2.24927
30.608 2.25087
30.624 2.25269
30.64 2.25472
30.656 2.25707
30.672 2.25991
30.688 2.2634
30.704 2.26765
30.72 2.27263
30.736 2.27825
30.752 2.28434
30.768 2.29074
30.784 2.29734
30.8 2.30412
30.816 2.31107
30.832 2.31815
30.848 2.32527
30.864 2.33224
30.88 2.33881
30.896 2.34473
30.912 2.34977
30.928 2.35382
30.944 2.35688
30.96 2.35903
30.976 2.36041
30.992 2.36115
31.008 2.36134
31.024 2.361
31.04 2.36008
31.056 2.3585
31.072 2.35614
31.088 2.35297
31.104 2.34902
31.12 2.34445
31.136 2.33954
31.152 2.3346
31.168 2.32993
31.184 2.32573
31.2 2.32203
31.216 2.31869
31.232 2.31553
31.248 2.31229
31.264 2.30881
31.28 2.30499
31.296 2.30086
31.312 2.29648
31.328 2.29198
31.344 2.28745
31.36 2.28293
31.376 2.27846
31.392 2.27409
31.408 2.26988
31.424 2.26597
31.44 2.26258
31.456 2.26001
31.472 2.25862
31.488 2.25876
31.504 2.26068
31.52 2.26447
31.536 2.26999
31.552 2.27694
31.568 2.28489
31.584 2.29339
31.6 2.30195
31.616 2.31015
31.632 2.31763
31.648 2.32415
31.664 2.32961
31.68 2.334
31.696 2.33741
31.712 2.33991
31.728 2.34159
31.744 2.34248
31.76 2.34259
31.776 2.34192
31.792 2.3405
31.808 2.33837
31.824 2.33563
31.84 2.33245
31.856 2.32911
31.872 2.326
31.888 2.32357
31.904 2.32222
31.92 2.32212
31.936 2.32314
31.952 2.32492
31.968 2.32699
31.984 2.329
32 2.33073
32.016 2.33211
32.032 2.33317
32.048 2.33398
32.064 2.33456
32.08 2.33492
32.096 2.33505
32.112 2.33496
32.128 2.33473
32.144 2.33449
32.16 2.33444
32.176 2.33474
32.192 2.33547
32.208 2.33659
32.224 2.33794
32.24 2.33931
32.256 2.34044
32.272 2.34113
32.288 2.3412
32.304 2.34057
32.32 2.33922
32.336 2.33719
32.352 2.33455
32.368 2.33139
32.384 2.32785
32.4 2.3241
32.416 2.32037
32.432 2.3169
32.448 2.31387
32.464 2.31139
32.48 2.30952
32.496 2.30829
32.512 2.30773
32.528 2.30786
32.544 2.30866
32.56 2.31008
32.576 2.31202
32.592 2.31443
32.608 2.31728
32.624 2.32053
32.64 2.32416
32.656 2.32809
32.672 2.33217
32.688 2.33621
32.704 2.34001
32.72 2.34334
32.736 2.346
32.752 2.34782
32.768 2.34865
32.784 2.34844
32.8 2.34722
32.816 2.34516
32.832 2.34259
32.848 2.33995
32.864 2.33777
32.88 2.33656
32.896 2.33674
32.912 2.33848
32.928 2.34176
32.944 2.34629
32.96 2.35167
32.976 2.3574
32.992 2.363
33.008 2.36804
33.024 2.37215
33.04 2.3751
33.056 2.37676
33.072 2.37714
33.088 2.37633
33.104 2.37449
33.12 2.37182
33.136 2.36851
33.152 2.36474
33.168 2.36066
33.184 2.35637
33.2 2.35197
33.216 2.34753
33.232 2.34312
33.248 2.33885
33.264 2.33482
33.28 2.33117
33.296 2.32803
33.312 2.32548
33.328 2.3235
33.344 2.32196
33.36 2.32065
33.376 2.31939
33.392 2.318
33.408 2.31644
33.424 2.31471
33.44 2.31288
33.456 2.31096
33.472 2.30894
33.488 2.30675
33.504 2.30432
33.52 2.30167
33.536 2.29889
33.552 2.29623
33.568 2.29395
33.584 2.29234
33.6 2.29162
33.616 2.29187
33.632 2.29304
33.648 2.29494
33.664 2.29726
33.68 2.29965
33.696 2.30174
33.712 2.30321
33.728 2.30386
33.744 2.30359
33.76 2.30247
33.776 2.30069
33.792 2.29855
33.808 2.29642
33.824 2.29463
33.84 2.29345
33.856 2.29304
33.872 2.29341
33.888 2.29449
33.904 2.29615
33.92 2.29823
33.936 2.30062
33.952 2.30325
33.968 2.30611
33.984 2.30918
34 2.31244
34.016 2.31583
34.032 2.31921
34.048 2.32241
34.064 2.3252
34.08 2.32735
34.096 2.32866
34.112 2.32907
34.128 2.32864
34.144 2.3276
34.16 2.32627
34.176 2.32489
34.192 2.32355
34.208 2.32216
34.224 2.32051
34.24 2.31841
34.256 2.31578
34.272 2.31259
34.288 2.30893
34.304 2.30493
34.32 2.30073
34.336 2.29649
34.352 2.29238
34.368 2.28858
34.384 2.28526
34.4 2.28253
34.416 2.28047
34.432 2.27903
34.448 2.27806
34.464 2.27733
34.48 2.27658
34.496 2.27558
34.512 2.27416
34.528 2.27229
34.544 2.27004
34.56 2.26759
34.576 2.26519
34.592 2.26309
34.608 2.26154
34.624 2.26072
34.64 2.26077
34.656 2.26178
34.672 2.26379
34.688 2.26679
34.704 2.27068
34.72 2.27528
34.736 2.28035
34.752 2.2856
34.768 2.29075
34.784 2.29558
34.8 2.29997
34.816 2.30384
34.832 2.30717
34.848 2.30993
34.864 2.31208
34.88 2.31353
34.896 2.31412
34.912 2.31369
34.928 2.31214
34.944 2.30949
34.96 2.30596
34.976 2.3019
34.992 2.29776
35.008 2.29388
35.024 2.29044
35.04 2.28745
35.056 2.28483
35.072 2.28254
35.088 2.28059
35.104 2.279
35.12 2.2778
35.136 2.27695
35.152 2.27636
35.168 2.27589
35.184 2.27539
35.2 2.27467
35.216 2.27357
35.232 2.27197
35.248 2.26984
35.264 2.26725
35.28 2.2644
35.296 2.26158
35.312 2.25916
35.328 2.25751
35.344 2.25692
35.36 2.25756
35.376 2.25944
35.392 2.26236
35.408 2.26602
35.424 2.27004
35.44 2.27402
35.456 2.27764
35.472 2.28062
35.488 2.28284
35.504 2.28422
35.52 2.28484
35.536 2.28489
35.552 2.2847
35.568 2.28469
35.584 2.2853
35.6 2.28694
35.616 2.28984
35.632 2.29403
35.648 2.29927
35.664 2.30506
35.68 2.31081
35.696 2.3159
35.712 2.31984
35.728 2.3223
35.744 2.32313
35.76 2.32236
35.776 2.32013
35.792 2.31668
35.808 2.31236
35.824 2.30752
35.84 2.30254
35.856 2.29778
35.872 2.29352
35.888 2.28997
35.904 2.28726
35.92 2.28546
35.936 2.28459
35.952 2.28463
35.968 2.28551
35.984 2.28711
36 2.28921
36.016 2.29159
36.032 2.29403
36.048 2.29638
36.064 2.29856
36.08 2.30054
36.096 2.30231
36.112 2.30382
36.128 2.30503
36.144 2.30592
36.16 2.30652
36.176 2.30698
36.192 2.3074
36.208 2.30789
36.224 2.30842
36.24 2.3089
36.256 2.30919
36.272 2.30923
36.288 2.30904
36.304 2.30878
36.32 2.30867
36.336 2.30897
36.352 2.30994
36.368 2.31176
36.384 2.31448
36.4 2.318
36.416 2.32216
36.432 2.32669
36.448 2.33138
36.464 2.33603
36.48 2.34051
36.496 2.34472
36.512 2.34851
36.528 2.35176
36.544 2.35427
36.56 2.35581
36.576 2.35617
36.592 2.35516
36.608 2.35267
36.624 2.34875
36.64 2.34364
36.656 2.33775
36.672 2.33163
36.688 2.32592
36.704 2.32122
36.72 2.31793
36.736 2.31624
36.752 2.31605
36.768 2.31711
36.784 2.31902
36.8 2.32139
36.816 2.32386
36.832 2.3261
36.848 2.32787
36.864 2.32904
36.88 2.32961
36.896 2.32973
36.912 2.32962
36.928 2.32957
36.944 2.32979
36.96 2.33041
36.976 2.33144
36.992 2.33276
37.008 2.33423
37.024 2.33564
37.04 2.3368
37.056 2.33754
37.072 2.33765
37.088 2.33694
37.104 2.33521
37.12 2.33232
37.136 2.32823
37.152 2.32305
37.168 2.31708
37.184 2.31077
37.2 2.30464
37.216 2.29918
37.232 2.29479
37.248 2.29177
37.264 2.29032
37.28 2.29052
37.296 2.29231
37.312 2.29544
37.328 2.29949
37.344 2.30401
37.36 2.30854
37.376 2.31274
37.392 2.31637
37.408 2.31936
37.424 2.32172
37.44 2.32352
37.456 2.32481
37.472 2.32557
37.488 2.32574
37.504 2.32524
37.52 2.3241
37.536 2.32244
37.552 2.32049
37.568 2.3186
37.584 2.31711
37.6 2.31634
37.616 2.31646
37.632 2.31751
37.648 2.31937
37.664 2.32183
37.68 2.32461
37.696 2.32742
37.712 2.33003
37.728 2.33225
37.744 2.33396
37.76 2.33513
37.776 2.33576
37.792 2.33586
37.808 2.33547
37.824 2.3346
37.84 2.33325
37.856 2.33146
37.872 2.32926
37.888 2.32675
37.904 2.32406
37.92 2.32138
37.936 2.31889
37.952 2.31678
37.968 2.31518
37.984 2.31415
38 2.31367
38.016 2.31361
38.032 2.31378
38.048 2.31392
38.064 2.31373
38.08 2.31291
38.096 2.3112
38.112 2.30844
38.128 2.30461
38.144 2.29982
38.16 2.2943
38.176 2.28839
38.192 2.28246
38.208 2.27686
38.224 2.2719
38.24 2.26782
38.256 2.26481
38.272 2.26303
38.288 2.26257
38.304 2.26345
38.32 2.26559
38.336 2.26882
38.352 2.27285
38.368 2.27734
38.384 2.28194
38.4 2.28637
38.416 2.29041
38.432 2.29399
38.448 2.29708
38.464 2.29976
38.48 2.30214
38.496 2.30433
38.512 2.30645
38.528 2.30854
38.544 2.31062
38.56 2.31265
38.576 2.31459
38.592 2.31636
38.608 2.31793
38.624 2.31925
38.64 2.32027
38.656 2.32093
38.672 2.32112
38.688 2.32074
38.704 2.31966
38.72 2.31783
38.736 2.31524
38.752 2.31192
38.768 2.30801
38.784 2.30364
38.8 2.29901
38.816 2.29429
38.832 2.2897
38.848 2.28539
38.864 2.28151
38.88 2.27813
38.896 2.2753
38.912 2.27299
38.928 2.27119
38.944 2.26988
38.96 2.26911
38.976 2.26898
38.992 2.26968
39.008 2.27138
39.024 2.27426
39.04 2.27837
39.056 2.28363
39.072 2.28984
39.088 2.29666
39.104 2.30369
39.12 2.31052
39.136 2.31682
39.152 2.32233
39.168 2.32694
39.184 2.33068
39.2 2.33368
39.216 2.33615
39.232 2.33825
39.248 2.34005
39.264 2.34153
39.28 2.34254
39.296 2.34295
39.312 2.34267
39.328 2.34179
39.344 2.34056
39.36 2.33935
39.376 2.33852
39.392 2.33835
39.408 2.33894
39.424 2.34023
39.44 2.34201
39.456 2.34405
39.472 2.34615
39.488 2.34822
39.504 2.35025
39.52 2.35228
39.536 2.35427
39.552 2.35609
39.568 2.35753
39.584 2.35838
39.6 2.35847
39.616 2.35778
39.632 2.35637
39.648 2.35438
39.664 2.35199
39.68 2.34935
39.696 2.34662
39.712 2.34395
39.728 2.34148
39.744 2.33933
39.76 2.33751
39.776 2.33592
39.792 2.33432
39.808 2.3324
39.824 2.32995
39.84 2.32691
39.856 2.32343
39.872 2.31981
39.888 2.31641
39.904 2.31357
39.92 2.3115
39.936 2.3103
39.952 2.30993
39.968 2.31022
39.984 2.31095
40 2.31186
40.016 2.31271
40.032 2.31336
40.048 2.3138
40.064 2.31411
40.08 2.31447
40.096 2.31508
40.112 2.31614
40.128 2.31779
40.144 2.32003
40.16 2.32279
40.176 2.32587
40.192 2.32899
40.208 2.33186
40.224 2.33417
40.24 2.33569
40.256 2.33628
40.272 2.33588
40.288 2.33448
40.304 2.33213
40.32 2.32886
40.336 2.32469
40.352 2.31964
40.368 2.3138
40.384 2.3073
40.4 2.3004
40.416 2.29338
40.432 2.28656
40.448 2.28018
40.464 2.27438
40.48 2.26918
40.496 2.26451
40.512 2.26028
40.528 2.25649
40.544 2.25327
40.56 2.25088
40.576 2.24971
40.592 2.25017
40.608 2.2525
40.624 2.25673
40.64 2.26258
40.656 2.26959
40.672 2.27717
40.688 2.28477
40.704 2.29192
40.72 2.29826
40.736 2.30356
40.752 2.30767
40.768 2.31052
40.784 2.31215
40.8 2.31265
40.816 2.31218
40.832 2.31096
40.848 2.30924
40.864 2.30733
40.88 2.30557
40.896 2.3044
40.912 2.30427
40.928 2.30558
40.944 2.30844
40.96 2.31253
40.976 2.31715
40.992 2.32147
41.008 2.3247
41.024 2.32632
41.04 2.32609
41.056 2.32399
41.072 2.32018
41.088 2.315
41.104 2.30892
41.12 2.30249
41.136 2.2963
41.152 2.29093
41.168 2.28682
41.184 2.28427
41.2 2.28337
41.216 2.28403
41.232 2.28604
41.248 2.28905
41.264 2.29271
41.28 2.29665
41.296 2.30058
41.312 2.30426
41.328 2.30757
41.344 2.31047
41.36 2.31298
41.376 2.3152
41.392 2.3172
41.408 2.31906
41.424 2.32087
41.44 2.32273
41.456 2.32473
41.472 2.32694
41.488 2.32935
41.504 2.33188
41.52 2.33435
41.536 2.33653
41.552 2.3382
41.568 2.33918
41.584 2.33939
41.6 2.33882
41.616 2.33754
41.632 2.33569
41.648 2.33336
41.664 2.33061
41.68 2.32744
41.696 2.32382
41.712 2.31968
41.728 2.31501
41.744 2.30988
41.76 2.30447
41.776 2.2991
41.792 2.29414
41.808 2.29
41.824 2.28698
41.84 2.28522
41.856 2.28465
41.872 2.28505
41.888 2.28607
41.904 2.28733
41.92 2.28845
41.936 2.28909
41.952 2.28901
41.968 2.28808
41.984 2.2863
42 2.28379
42.016 2.28079
42.032 2.27766
42.048 2.27477
42.064 2.27243
42.08 2.27075
42.096 2.26971
42.112 2.2692
42.128 2.26914
42.144 2.26945
42.16 2.27011
42.176 2.27105
42.192 2.27219
42.208 2.27345
42.224 2.27474
42.24 2.27603
42.256 2.27734
42.272 2.27871
42.288 2.28013
42.304 2.28153
42.32 2.28274
42.336 2.28352
42.352 2.2836
42.368 2.28275
42.384 2.28075
42.4 2.27751
42.416 2.27306
42.432 2.26757
42.448 2.26135
42.464 2.25484
42.48 2.24856
42.496 2.24301
42.512 2.23859
42.528 2.2356
42.544 2.23414
42.56 2.23414
42.576 2.23541
42.592 2.2377
42.608 2.24077
42.624 2.24442
42.64 2.24852
42.656 2.25298
42.672 2.2577
42.688 2.26259
42.704 2.26753
42.72 2.27239
42.736 2.27708
42.752 2.28151
42.768 2.28563
42.784 2.2894
42.8 2.29278
42.816 2.29572
42.832 2.29817
42.848 2.30006
42.864 2.30139
42.88 2.30217
42.896 2.30249
42.912 2.30245
42.928 2.3022
42.944 2.30186
42.96 2.30152
42.976 2.30119
42.992 2.30084
43.008 2.3004
43.024 2.29978
43.04 2.29892
43.056 2.29775
43.072 2.29628
43.088 2.29453
43.104 2.29258
43.12 2.29054
43.136 2.28858
43.152 2.28683
43.168 2.28542
43.184 2.28437
43.2 2.28363
43.216 2.28313
43.232 2.28274
43.248 2.2824
43.264 2.28203
43.28 2.28157
43.296 2.28096
43.312 2.2801
43.328 2.27891
43.344 2.2773
43.36 2.27519
43.376 2.27256
43.392 2.26944
43.408 2.26588
43.424 2.26199
43.44 2.2579
43.456 2.25376
43.472 2.24977
43.488 2.24613
43.504 2.24306
43.52 2.24076
43.536 2.23938
43.552 2.23904
43.568 2.23978
43.584 2.24153
43.6 2.24413
43.616 2.24736
43.632 2.25093
43.648 2.25459
43.664 2.25817
43.68 2.26158
43.696 2.26487
43.712 2.26813
43.728 2.27149
43.744 2.27509
43.76 2.27903
43.776 2.28338
43.792 2.28813
43.808 2.29321
43.824 2.29853
43.84 2.30398
43.856 2.30942
43.872 2.31473
43.888 2.31977
43.904 2.3244
43.92 2.32844
43.936 2.33174
43.952 2.33415
43.968 2.33555
43.984 2.33589
44 2.33515
44.016 2.33336
44.032 2.33059
44.048 2.32695
44.064 2.32257
44.08 2.31764
44.096 2.31238
44.112 2.30701
44.128 2.30173
44.144 2.29668
44.16 2.2919
44.176 2.2874
44.192 2.28317
44.208 2.27923
44.224 2.27563
44.24 2.27246
44.256 2.26981
44.272 2.26776
44.288 2.26644
44.304 2.26604
44.32 2.26686
44.336 2.26919
44.352 2.27314
44.368 2.27844
44.384 2.2844
44.4 2.29009
44.416 2.29465
44.432 2.29741
44.448 2.29798
44.464 2.29628
44.48 2.2925
44.496 2.28704
44.512 2.28043
44.528 2.2732
44.544 2.2658
44.56 2.2586
44.576 2.25188
44.592 2.24586
44.608 2.24073
44.624 2.23659
44.64 2.23347
44.656 2.23128
44.672 2.22987
44.688 2.22908
44.704 2.22873
44.72 2.22862
44.736 2.22859
44.752 2.22852
44.768 2.22837
44.784 2.22822
44.8 2.2282
44.816 2.22848
44.832 2.22923
44.848 2.23051
44.864 2.23229
44.88 2.23448
44.896 2.23693
44.912 2.23948
44.928 2.24207
44.944 2.24467
44.96 2.24733
44.976 2.25012
44.992 2.25313
45.008 2.25641
45.024 2.25998
45.04 2.26379
45.056 2.26777
45.072 2.27182
45.088 2.27582
45.104 2.2797
45.12 2.28341
45.136 2.28685
45.152 2.28996
45.168 2.29261
45.184 2.29472
45.2 2.29623
45.216 2.29718
45.232 2.29765
45.248 2.29777
45.264 2.29769
45.28 2.29751
45.296 2.29729
45.312 2.29708
45.328 2.29692
45.344 2.2969
45.36 2.29713
45.376 2.29772
45.392 2.29875
45.408 2.30025
45.424 2.30218
45.44 2.3045
45.456 2.3072
45.472 2.31032
45.488 2.31393
45.504 2.31809
45.52 2.32283
45.536 2.32808
45.552 2.3337
45.568 2.33942
45.584 2.34497
45.6 2.35005
45.616 2.35438
45.632 2.35774
45.648 2.35998
45.664 2.36108
45.68 2.3611
45.696 2.36024
45.712 2.35876
45.728 2.35695
45.744 2.35506
45.76 2.35325
45.776 2.35157
45.792 2.34999
45.808 2.34844
45.824 2.34685
45.84 2.34516
45.856 2.34339
45.872 2.34156
45.888 2.33972
45.904 2.33787
45.92 2.33604
45.936 2.33418
45.952 2.3323
45.968 2.33037
45.984 2.32844
46 2.32656
46.016 2.32486
46.032 2.32351
46.048 2.32271
46.064 2.32266
46.08 2.32346
46.096 2.32505
46.112 2.32723
46.128 2.32963
46.144 2.3319
46.16 2.33371
46.176 2.33484
46.192 2.33519
46.208 2.33478
46.224 2.33368
46.24 2.33198
46.256 2.32978
46.272 2.32719
46.288 2.32431
46.304 2.32127
46.32 2.31825
46.336 2.31551
46.352 2.31333
46.368 2.31203
46.384 2.31191
46.4 2.31317
46.416 2.31584
46.432 2.31979
46.448 2.32465
46.464 2.32992
46.48 2.33495
46.496 2.33911
46.512 2.34182
46.528 2.34264
46.544 2.34132
46.56 2.33786
46.576 2.33254
46.592 2.3259
46.608 2.31857
46.624 2.31116
46.64 2.30414
46.656 2.29781
46.672 2.29243
46.688 2.28815
46.704 2.28509
46.72 2.28324
46.736 2.2825
46.752 2.28271
46.768 2.28367
46.784 2.28515
46.8 2.28694
46.816 2.28882
46.832 2.29059
46.848 2.29206
46.864 2.29312
46.88 2.29372
46.896 2.29385
46.912 2.29361
46.928 2.2931
46.944 2.29249
46.96 2.29193
46.976 2.2916
46.992 2.29169
47.008 2.29235
47.024 2.29372
47.04 2.29581
47.056 2.29854
47.072 2.30173
47.088 2.3051
47.104 2.3084
47.12 2.31142
47.136 2.31404
47.152 2.31619
47.168 2.31787
47.184 2.31904
47.2 2.31968
47.216 2.31972
47.232 2.3191
47.248 2.31783
47.264 2.31602
47.28 2.31389
47.296 2.31179
47.312 2.31012
47.328 2.30922
47.344 2.30929
47.36 2.31029
47.376 2.31194
47.392 2.31384
47.408 2.31553
47.424 2.31671
47.44 2.31724
47.456 2.31716
47.472 2.31664
47.488 2.31595
47.504 2.31535
47.52 2.31505
47.536 2.31518
47.552 2.31576
47.568 2.31682
47.584 2.31836
47.6 2.32047
47.616 2.32325
47.632 2.32673
47.648 2.33083
47.664 2.33526
47.68 2.33961
47.696 2.34345
47.712 2.34647
47.728 2.34846
47.744 2.34937
47.76 2.34923
47.776 2.34815
47.792 2.34631
47.808 2.34395
47.824 2.34136
47.84 2.33883
47.856 2.33664
47.872 2.33498
47.888 2.33393
47.904 2.33349
47.92 2.33354
47.936 2.33392
47.952 2.33442
47.968 2.33486
47.984 2.33507
48 2.33493
