-2.24405 -3.5482 3.26824 5.32042
2.07267 2.13495 4.4785 5.37689
0.535383 -3.21841 -3.00115 4.43302
1.46961 3.66613 4.47289 5.96716
0.648893 3.15884 2.38506 4.01097
-1.05483 2.42414 3.88818 4.70182
0.691995 -0.0674315 -5.03822 5.08597
0.278447 3.30327 -2.12112 3.93552
-0.0162662 -0.392552 3.51728 3.53916
-0.550652 -0.154895 -3.40847 3.45613
-0.847081 1.83809 3.03279 3.64609
0.840562 0.479821 -4.60521 4.70582
3.81328 0.577745 -2.96793 4.86657
-0.503388 2.48175 -3.21279 4.09078
-0.256893 0.532741 -3.15409 3.20907
-0.0677446 -0.175836 -3.45692 3.46205
0.419348 0.660949 -2.48444 2.60483
-0.302924 -1.13507 -4.53506 4.68476
-1.18067 -1.1848 -2.7259 3.19816
-0.513027 0.821897 -3.10781 3.25534
0.51874 0.805574 -2.34819 2.53614
0.498103 0.606514 -3.57571 3.66082
-0.444261 -0.202839 -3.23007 3.26679
-0.304515 0.385587 3.2143 3.25163
3.37078 1.64586 -3.21253 4.93876
0.701389 0.941889 2.98207 3.20497
1.16858 0.888686 -2.6598 3.03807
0.416749 -0.620969 4.99537 5.05104
0.636561 -1.0938 3.75129 3.95901
0.0675084 0.813268 4.21023 4.28859
0.462484 0.275017 3.15408 3.19965
1.52791 -0.549162 -3.25487 3.63734
0.234866 -0.573132 -2.92267 2.98758
1.15422 1.60809 -3.55231 4.06658
-3.17529 1.31904 3.03227 4.58443
-1.50086 -1.46819 -5.18101 5.59026
-3.44785 -0.0583917 3.23699 4.72961
-0.907246 -1.07896 3.30821 3.59604
1.18579 1.56333 -2.43947 3.13067
-1.59363 0.999526 3.59351 4.05611
1.63219 -1.9097 3.61227 4.39995
-0.0988804 -0.860973 -2.92462 3.05032
-1.96617 -1.84462 2.66701 3.79228
-0.271888 -0.24463 -3.33414 3.35414
-0.0714164 0.86867 -3.15425 3.27245
-0.255339 0.43866 -2.90186 2.94591
0.443841 -1.51058 -3.57395 3.90537
0.0524508 1.2616 3.63354 3.84669
3.74353 0.654342 -3.29622 5.03063
0.354499 -0.186702 3.29419 3.31846
1.23991 -0.59784 3.77514 4.01827
1.3909 -0.896417 3.36727 3.75189
0.4035 0.0439902 -4.1353 4.15517
-0.923954 0.257783 -3.13436 3.27786
2.13682 -0.923655 2.94002 3.75004
0.165761 -0.29289 2.4567 2.47964
-1.70217 -1.64982 2.83542 3.69579
0.487904 -1.64576 2.80652 3.28986
-2.15795 0.487607 3.30077 3.97361
-2.43383 0.239872 2.80981 3.72507
-3.66653 -1.07268 -2.81988 4.74825
-0.212631 0.531243 2.52627 2.59027
2.60156 -0.761642 2.69773 3.82439
1.62812 0.792388 -3.84936 4.25397
-0.537626 -0.639726 -5.25978 5.32575
1.68484 -0.268115 3.32077 3.73338
1.58067 -2.33018 -3.06254 4.16022
-2.85267 -1.44798 -3.53869 4.7704
-0.877979 0.441077 -3.81475 3.93925
-0.53518 -0.818009 2.62063 2.79701
0.155871 -3.39414 -3.49997 4.87794
-1.80849 -2.061 -3.33771 4.31956
1.4099 2.08844 2.15705 3.31697
-0.584006 -3.01966 -0.486857 3.11391
0.983969 3.81457 0.266345 3.94843
-1.59022 -2.9106 -0.552286 3.36236
-2.14826 -4.1992 0.846805 4.79222
0.107944 2.73224 4.75568 5.48574
-2.53175 -0.36717 1.0233 2.75531
1.38804 -1.01713 0.57528 1.81442
0.968188 1.93076 2.72197 3.47481
-0.456223 2.1995 0.174888 2.25312
-0.936681 1.41792 0.123756 1.70387
-0.0696815 1.15838 -0.589839 1.30177
-0.482334 -0.959537 1.93426 2.2124
-1.8654 0.39293 0.303522 1.93035
-0.208782 0.639603 0.0380781 0.673893
-1.83466 0.127073 1.85508 2.61217
0.115153 -0.192544 1.68395 1.69883
1.154 -0.849954 2.48502 2.86871
2.59639 0.618844 1.45488 3.03988
-0.0196575 0.287241 1.1696 1.20452
0.0628532 -1.06365 1.02009 1.47509
-0.37104 -2.41562 1.80717 3.03953
0.3715 -1.22897 0.887008 1.5605
-0.272915 -0.558104 2.07197 2.16311
-0.116511 1.82738 -0.102387 1.83395
-1.20125 0.663563 -0.369862 1.4213
-0.416468 2.7326 2.12187 3.48467
0.470604 -0.157005 3.01845 3.05895
-1.02475 -0.0530489 2.03457 2.27868
-1.99533 -0.681513 0.694342 2.21989
-3.32288 0.571064 0.0784537 3.37251
-0.120422 -0.898815 -0.00997187 0.906901
-0.504428 -0.917176 1.17191 1.57132
-0.791006 -0.436391 0.643099 1.10892
-0.413264 0.38295 -1.84135 1.92562
0.356582 -0.873728 0.242903 0.974451
0.93092 0.619216 1.67678 2.01535
-0.975684 2.25851 1.28916 2.77755
1.06343 -1.2088 1.16587 1.9878
0.0536222 -0.304889 1.78895 1.81554
0.908786 2.48764 1.2732 2.93858
-1.63979 -1.88593 -0.247286 2.51133
4.15627 -0.197611 1.70024 4.49494
0.174922 1.24823 1.0239 1.6239
0.683042 -2.08506 0.596179 2.27364
-1.75639 -0.292633 0.613123 1.8832
0.321601 -1.31189 -0.50447 1.44187
0.156984 -2.30086 0.741892 2.42261
1.58308 -0.42115 1.23 2.04851
-0.147192 -0.456449 -0.105048 0.490965
-1.53191 1.39318 -0.0407941 2.07107
-0.237857 -0.805744 0.297564 0.89126
0.123253 -1.80033 1.43745 2.30708
0.188963 0.771444 3.04566 3.14752
-2.14484 2.945 1.20768 3.83821
-0.328445 -0.799794 0.0135994 0.864715
-0.299858 -0.304437 1.53736 1.59565
2.48577 0.0794191 0.13248 2.49056
0.614466 1.02817 1.95304 2.29108
-0.967761 0.0851998 -0.442967 1.06773
0.484998 -0.726672 0.563838 1.0398
0.789957 0.87267 0.233501 1.20004
-0.759368 1.1312 0.97881 1.6776
0.962064 2.42143 0.00665149 2.60556
2.75817 -1.23445 -1.30986 3.29349
-2.79981 -0.205358 0.185115 2.81342
2.80252 -0.594906 0.730509 2.95664
1.04885 -1.42125 3.15641 3.61703
2.72883 -1.0307 2.10821 3.59908
1.1451 1.00954 0.847657 1.74612
-1.36887 -0.303098 -0.25906 1.42576
1.09689 -0.24013 0.83483 1.39921
3.60881 2.18834 -0.780513 4.29203
2.046 2.34145 0.359093 3.13009
-0.127864 3.1976 0.635892 3.26272
0.996919 -2.94709 -0.0921193 3.11251
-2.17303 3.05505 0.506909 3.78317
1.00153 2.94551 1.57312 3.48623
0.514525 0.838889 0.146474 0.99495
0.310645 -2.24103 0.130416 2.26622
1.60781 0.598496 -0.132453 1.72069
-1.04536 2.74824 0.106169 2.94225
1.35308 0.28421 -0.555899 1.49017
-0.962503 1.04587 -1.01576 1.74701
-2.517 -0.435898 1.64902 3.04049
0.956829 0.257605 -1.4065 1.7205
-1.12262 -1.48052 0.243101 1.87385
0.81308 -0.852102 -1.25421 1.72053
2.75779 0.451878 1.42638 3.13754
-1.0546 -1.80863 1.83091 2.78129
2.01427 0.574548 -0.0899053 2.09653
-1.46916 0.0286872 1.02471 1.79144
0.568487 1.42594 0.650515 1.66723
2.52437 1.06549 -0.916122 2.88911
-1.03837 0.867957 -0.835885 1.59068
0.298577 -0.463824 0.60744 0.820526
-5.5281 -1.63584 -1.30782 5.91153
0.940375 0.187711 -0.805352 1.25225
-0.234082 -0.790173 -0.684987 1.07162
1.35055 -0.0327628 1.50387 2.02156
0.30147 -2.40483 0.221793 2.43378
-0.413566 0.473188 0.618048 0.881435
-0.0338433 0.0670172 -0.310467 0.319416
-0.357151 -0.73414 -0.674445 1.05896
0.522908 -0.806449 1.49953 1.78112
0.488694 0.690504 0.0566091 0.847834
0.496599 -0.20624 -0.0730044 0.542656
1.11063 -0.0507487 -1.81666 2.12987
-2.63272 -1.16362 -1.94907 3.47622
-1.72699 0.781548 0.319458 1.92233
0.187962 0.432961 0.312187 0.565902
-3.14684 -0.411509 -0.898558 3.29838
-0.283786 0.808679 0.416999 0.953092
-0.718467 2.17622 0.887384 2.45756
1.76014 -0.672926 1.5156 2.41826
0.590882 0.172088 -0.899422 1.08982
1.92712 0.0196101 0.627133 2.02669
-1.52288 0.0944146 -2.3005 2.7605
-0.611385 1.08826 -0.214496 1.26653
-1.66589 -1.74345 -2.04084 3.15908
-4.83613 0.768225 -0.143533 4.89887
0.820146 0.188268 -2.49337 2.63154
-2.13789 -2.43232 -0.383489 3.26095
-0.318374 -1.35684 -1.66487 2.17121
0.0654348 1.26732 0.528142 1.37452
-1.04826 -0.765867 -0.0628339 1.29975
0.410913 0.990964 -1.88489 2.16879
-0.28406 1.20487 -0.440376 1.3139
-0.119472 1.55163 1.4518 2.12828
-0.549779 1.26851 -0.58431 1.50093
0.750172 -0.939896 1.09061 1.62345
-0.983958 1.26483 -1.14093 1.96715
-3.40396 -0.112527 1.34603 3.66216
-0.802378 0.637153 -0.625594 1.20048
0.65738 -0.162519 1.19393 1.3726
-0.569728 -0.443561 -0.786855 1.06793
-0.225078 1.38932 2.06359 2.49785
-1.04983 0.486216 -0.78117 1.39599
1.51407 0.413488 0.51843 1.65292
-0.988967 0.484879 1.93994 2.23081
-0.0189777 -0.602747 0.521016 0.796946
-2.08432 -0.44535 0.582811 2.20962
-0.727916 -2.77564 0.504489 2.91351
-0.516841 -1.42503 0.742437 1.68791
0.754627 2.75441 0.261588 2.86787
0.692509 2.77549 -0.941299 3.01147
1.62919 -3.39674 -0.932191 3.88086
1.25549 3.22339 -0.0883177 3.46039
-0.627733 3.98293 -0.0919395 4.03315
2.36818 -3.84299 0.922641 4.6074
-4.57578 1.29155 1.95569 5.14107
1.24062 0.191753 0.530384 1.3628
1.24883 -1.3399 2.54873 3.13862
-1.00982 2.8534 0.726546 3.1128
2.07911 0.0208713 0.0120773 2.07925
2.28609 0.526612 0.624545 2.42767
1.87725 0.941641 1.86403 2.80809
-0.290587 -0.795162 -1.0744 1.36787
-1.59394 -1.8476 -0.488858 2.48862
0.753554 0.294181 -0.590285 1.00141
-0.722511 -0.441315 -0.677754 1.0845
-0.961536 -0.850936 -1.7108 2.13904
3.77034 -0.345431 -0.37559 3.80472
0.387956 -0.377711 1.31463 1.42177
1.37552 -0.26268 -1.41433 1.99033
2.01248 0.0325146 -0.480545 2.06931
0.0913151 -0.167363 0.608058 0.637247
0.179221 0.057134 -1.54724 1.55864
1.30838 -0.825104 1.03219 1.85959
-1.06496 -1.37108 -0.668537 1.86036
0.403267 0.520843 1.3438 1.49657
0.616729 0.466008 1.5884 1.7665
1.78469 -0.0597749 -1.11582 2.10564
-0.720849 -2.47623 0.76737 2.69076
4.90626 0.0580404 0.747725 4.96325
0.330136 -0.048564 1.52587 1.56193
0.719403 -0.720816 0.97273 1.4083
2.5944 -1.10558 0.762043 2.92128
-1.15485 -0.130694 -0.447188 1.24528
0.859386 0.732452 0.415432 1.20317
0.505181 -1.84469 -0.302683 1.93642
-1.77393 -0.168223 -0.721712 1.92249
-0.8115 -0.391244 -0.147678 0.912915
-1.49416 -1.54155 0.043841 2.14728
-0.486942 0.0995965 0.66409 0.829486
-0.967545 0.835874 -0.532114 1.38491
-2.61385 0.198288 3.36306 4.264
-0.14075 -0.778338 1.11361 1.36592
0.226888 1.87276 0.58119 1.97395
-0.824087 0.456862 0.947126 1.336
0.804985 0.85668 1.15277 1.64644
1.16673 -0.0391626 0.353389 1.21971
2.17079 1.93112 -0.46409 2.94226
0.531726 0.199536 0.950093 1.1069
2.75941 0.985691 -0.155319 2.93429
-0.811528 1.10027 -0.654496 1.51576
1.54053 1.20058 1.27465 2.33225
-1.52586 -1.16229 -1.02698 2.17574
4.49839 -1.26039 -1.3867 4.87309
-1.00158 -0.754257 -0.924731 1.55795
-0.735893 -0.180848 1.16889 1.39304
0.0177963 -0.392979 -0.24797 0.465014
-1.04926 -1.61831 0.463041 1.9835
0.109313 -0.702353 2.49539 2.59466
0.728273 -0.694127 -1.65512 1.93691
-1.13745 1.97928 1.4927 2.72755
0.116995 -0.20087 1.78733 1.80238
-0.937405 0.716767 0.654149 1.34922
0.143811 0.829251 1.22648 1.48748
-2.71972 -0.142206 -0.838142 2.84949
2.85543 0.264285 1.17739 3.09993
-1.42782 -1.0392 1.17862 2.12315
-1.66519 -2.19453 -0.722007 2.84782
-0.580188 -0.989563 -0.122073 1.15358
3.03083 -2.3406 -1.80593 4.23388
0.732975 -1.38237 -1.11326 1.9203
-2.81428 -3.09001 -0.380472 4.1968
-3.38683 -4.54966 2.53935 6.21437
-2.2086 3.01582 0.950785 3.85708
-0.94998 -2.84198 -0.420872 3.02596
3.21096 -3.96745 0.268056 5.11104
-0.699522 -4.17489 0.906897 4.32914
0.360754 0.347899 -1.23621 1.33394
0.941776 0.565948 1.30151 1.70329
-0.279624 0.414168 -0.0478919 0.502014
-0.790357 0.399081 -1.21826 1.50602
1.59971 -0.195414 1.28993 2.06426
-0.779862 0.520491 -0.691157 1.16481
-2.76868 0.367771 -1.23078 3.05216
0.98461 0.849508 -0.0790143 1.30283
0.113037 -0.45635 -0.720521 0.860339
0.0150494 1.96641 1.15438 2.28026
1.23629 -0.940852 -0.6284 1.67586
-1.28857 -2.75733 3.15104 4.38091
0.603983 -0.554081 0.181926 0.839582
-1.36295 0.975625 -1.61965 2.33083
-0.591116 -0.476766 0.339365 0.831801
-0.349045 0.958904 -1.50522 1.81852
0.595776 1.20508 -0.79552 1.56206
-0.0445035 -1.43895 0.482088 1.51821
2.13854 -0.217326 1.56344 2.65799
-0.213947 1.12082 -0.924496 1.46857
-1.16804 2.37152 -0.113277 2.64599
0.444357 0.753254 -0.529417 1.02231
-1.94371 1.13217 1.87979 2.93146
-1.6273 -0.107067 -1.1264 1.98201
1.55801 1.25303 -0.689763 2.11501
0.946238 0.981317 -0.257228 1.38727
-0.543018 -0.0394119 1.08522 1.21413
1.03389 0.407284 -0.494002 1.21608
0.398076 -1.15484 -0.743384 1.42994
-0.770112 0.563842 -0.304995 1.002
2.56058 1.63578 -1.58955 3.42914
1.54097 -0.556218 -0.176689 1.64778
0.271462 1.44615 -0.82442 1.68663
1.236 -0.51992 1.40078 1.93913
-0.729972 0.193734 -0.0208951 0.755532
0.453681 1.52022 -1.1672 1.96959
0.348355 0.807608 1.54875 1.78107
-0.283001 -0.962899 -1.45794 1.76999
-1.61715 -1.19106 -1.41665 2.45779
-1.34887 1.43725 -0.699308 2.09145
0.54572 -1.14575 1.53918 1.9949
-1.6869 -2.07943 0.330159 2.69789
2.91052 0.688725 0.853445 3.11028
1.12144 -0.201626 0.851359 1.42235
-1.33123 -0.849948 1.37992 2.09732
0.0340034 -1.95323 0.695663 2.0737
-0.176887 1.14777 -0.557834 1.28835
-0.437296 0.165442 -0.542973 0.716532
1.90292 0.177661 0.762608 2.05772
0.580194 -0.814485 0.370713 1.06651
-0.516496 0.682003 -0.368632 0.93155
0.704487 -0.052576 -0.221651 0.740402
0.414173 -1.0414 0.326614 1.16736
2.2022 1.08071 -0.427007 2.48997
-3.72017 -2.3847 0.843588 4.49868
0.313055 -1.65623 -0.716499 1.83153
-0.226265 1.16109 2.21189 2.50835
1.21869 0.197792 -0.835987 1.49104
-0.0766459 0.848268 2.39556 2.54247
-1.55333 0.558499 -0.10885 1.65427
-0.169881 -0.784662 -0.737159 1.08993
-0.545426 1.22978 -0.00980191 1.34534
-0.261508 0.170347 -0.0618664 0.31817
-0.740554 1.49016 -0.513389 1.74143
-1.79643 2.17873 -3.50474 4.5008
-1.99293 -0.429843 0.278999 2.05776
1.90782 6.02322 0.074125 6.31858
-0.245986 2.80378 0.198616 2.82155
1.58924 3.66071 1.33132 4.20701
-0.622007 -2.65936 -3.35159 4.32345
-1.32082 -3.6625 -0.098442 3.89463
-2.53843 5.77214 0.298984 6.31273
-4.77709 1.30684 -1.75256 5.25356
0.688306 0.806837 0.527384 1.18443
0.341725 -1.72424 -0.18036 1.767
1.00367 0.675944 1.68825 2.07712
0.723904 0.890205 0.396671 1.21402
-1.22885 1.69667 -1.88754 2.81985
1.22573 0.821031 1.20631 1.9057
-1.47661 0.641728 -1.86781 2.46595
0.041502 -0.863153 -1.52056 1.74896
-1.89546 -0.29623 1.48448 2.42574
-0.105809 -0.0133571 2.50031 2.50258
-1.36631 -0.0837964 -1.25264 1.85551
-3.37846 0.600902 -1.29599 3.66806
-1.12166 -0.296309 -1.8131 2.1525
1.81601 -3.15664 1.44449 3.91775
-0.224761 -0.575816 -2.26588 2.34868
-0.816541 0.194864 1.96455 2.1364
-0.190887 -1.80204 -0.602014 1.90951
0.600051 0.173838 0.916587 1.10924
1.85915 -0.293086 -0.183689 1.89105
-0.230898 -1.57337 0.0470513 1.59092
2.00745 -0.810462 1.15228 2.45244
-0.702067 0.321222 1.34648 1.55212
-2.1704 1.14519 -1.40917 2.82982
2.00789 -0.40744 1.72014 2.67517
0.406613 0.228722 -0.42718 0.632558
-0.547123 -0.0329541 0.746025 0.925734
-0.823185 -1.47899 -0.35228 1.72892
0.046294 2.30653 -1.1974 2.59923
0.209255 -1.39273 -0.30717 1.44147
-0.403467 1.22865 0.623613 1.43571
-0.739959 -1.20186 -0.129843 1.41734
-2.09008 2.67494 0.737015 3.47375
-0.518915 0.0292486 1.56593 1.64993
1.16428 1.82223 -1.9392 2.90458
-1.22084 -0.459073 1.63425 2.09092
-3.15779 2.0245 -1.56196 4.06324
0.143209 0.272789 -1.4345 1.46721
1.01252 -1.81082 -0.429947 2.11876
-1.08306 -1.01958 -0.324303 1.52241
-0.16061 0.516102 2.17496 2.24112
0.916575 -1.19028 -1.46692 2.0997
0.30217 -1.3086 -2.25521 2.62483
1.65161 0.256276 -1.37427 2.16382
0.428608 2.88089 1.68993 3.36736
-1.04238 0.639515 -0.991205 1.57417
-0.417736 -1.3886 -0.76025 1.63728
0.0112545 1.02662 0.350161 1.08475
-3.4873 1.08179 -0.40436 3.67356
-0.482316 -0.431469 -0.316422 0.720359
0.696381 -0.0534591 0.691574 0.982893
-0.110937 -1.0508 0.217032 1.0787
1.21599 -0.145121 1.6674 2.06879
0.990477 1.3861 -2.73924 3.22579
-0.256541 -0.951053 2.73274 2.90485
1.19184 -0.0445868 -1.38599 1.82851
-2.24493 -0.546959 -0.931359 2.49125
-1.59578 1.05019 0.566202 1.99248
1.40972 1.02733 -2.2835 2.87351
-1.44521 0.539403 0.452384 1.60755
-3.30578 -0.920848 1.69068 3.82551
0.428167 -1.99755 -0.698635 2.15908
-1.32617 0.0577008 0.381846 1.38126
0.522348 -1.99911 0.929143 2.26553
-1.23749 -0.795691 -0.0585658 1.47239
-0.106239 1.56285 -1.34615 2.06541
4.0275 -3.43751 -0.134494 5.29672
-1.29814 -5.01356 1.9579 5.53663
-0.83289 3.33978 -1.02924 3.59266
2.88927 4.07896 1.27109 5.15766
-0.698697 2.51184 1.15957 2.85344
0.70004 -3.16453 -0.99233 3.38955
-0.0504169 1.24831 -0.345743 1.29629
-0.187168 -1.33874 0.985287 1.67273
2.37628 0.0856694 0.521825 2.43441
0.00112148 -2.90218 -0.0762612 2.90318
-0.850248 0.251584 -0.195629 0.908012
-0.639177 1.74038 -1.35526 2.29656
3.05219 -0.162584 -1.83196 3.56348
1.91079 0.449289 -0.473533 2.01921
-1.03338 0.15355 0.098135 1.04933
1.47032 -1.04013 1.04211 2.08079
1.01636 2.11205 -0.0820402 2.34531
0.518013 0.293465 -1.43578 1.55432
1.12717 0.691179 1.1975 1.78388
0.647597 1.21787 -0.340557 1.42077
0.317616 1.96761 0.573949 2.07408
-1.20369 -1.46377 -0.516774 1.96431
1.30421 -0.840481 1.67637 2.28421
-0.520597 0.141979 -1.09873 1.22408
4.45484 -0.588021 0.119191 4.49506
-0.930684 -1.30957 1.71138 2.34733
0.629928 -1.58433 2.04477 2.66233
0.867242 3.37306 0.26368 3.49273
1.91441 -0.269856 0.890119 2.1284
0.860658 -1.50249 -0.381519 1.77306
1.07944 -1.27238 -2.71614 3.18772
0.631741 -0.0538721 0.209947 0.66789
-1.21699 0.937305 -1.16909 1.93038
-0.896807 -0.672988 -0.301305 1.16102
-0.632195 0.547973 1.1646 1.43396
0.335761 -0.200158 0.126448 0.410838
3.04224 -2.6565 0.279988 4.04853
-1.82886 0.297921 0.520721 1.92474
0.855506 -0.593936 0.662673 1.23442
0.0964067 0.0325915 0.932463 0.938
-1.61149 -0.672056 -1.86265 2.55304
1.60729 -2.01945 1.26643 2.87496
0.896288 0.743624 0.927497 1.48881
1.26912 -0.937604 -0.175031 1.58758
-2.54741 0.578449 -0.051802 2.61277
-1.61665 -2.04192 1.19204 2.86425
-0.0663104 1.01727 0.874079 1.34285
-0.241804 0.274353 -0.575513 0.681875
3.72826 1.89554 3.15377 5.23825
-1.04795 0.228884 -0.756387 1.31252
-0.97926 1.06881 -0.681437 1.60177
-1.84672 -1.90857 0.291231 2.67167
-0.67744 -2.4981 -1.63011 3.05887
-0.00671937 1.62495 0.545512 1.71409
0.35901 1.33828 -1.08695 1.76106
-0.866678 0.396498 -1.54642 1.81652
1.34649 0.307349 -0.0305068 1.38146
3.60149 0.359255 0.268328 3.6293
-0.925254 -0.81158 -0.435233 1.30544
1.44196 -1.06299 -0.190628 1.80154
4.54654 1.35101 0.479078 4.76715
-0.904166 -0.42215 -0.388574 1.07085
-0.849563 0.330565 1.54883 1.79719
-0.422577 0.765218 0.359613 0.945225
0.14197 1.49171 0.0114277 1.4985
-1.12363 0.133799 0.856097 1.41893
1.41085 -1.06217 0.462549 1.82556
-0.148421 -4.41347 2.40884 5.03024
1.14106 -1.99385 1.12024 2.55586
0.749865 -1.74341 0.0390438 1.89824
1.28619 0.349762 2.08049 2.47084
-0.836915 -1.44622 -0.59314 1.77307
3.94982 4.10596 0.0389419 5.6975
0.368529 2.37531 -0.696724 2.50267
1.24074 2.49762 0.463477 2.82708
-0.646557 3.34918 0.729504 3.48815
0.375107 3.54656 2.23476 4.20868
-2.15155 3.50868 -0.735653 4.18105
2.62951 2.5434 -1.28115 3.87615
-0.171312 0.843899 -1.38154 1.62794
-0.942633 -1.05964 -0.987086 1.72793
-0.481265 5.5546 0.134287 5.57703
-0.484871 0.513168 -4.78327 4.83509
-0.887459 0.565312 0.839075 1.34581
1.27972 -0.146035 1.63597 2.08217
-0.463261 -1.10114 0.239025 1.2183
-0.323438 0.0382294 -2.88641 2.90472
-0.203337 0.0305657 0.409208 0.457964
-0.639676 -1.2511 1.05541 1.75736
-1.65712 -0.511186 -1.76408 2.47373
-3.80099 0.599239 1.11082 4.00506
1.30463 -0.557327 -0.154056 1.42703
1.2772 -0.857395 0.261432 1.56036
-1.66404 0.913503 -1.41263 2.36623
1.39021 -0.528388 1.69779 2.25707
-1.11276 0.261115 -1.49518 1.88201
0.243519 0.3347 0.762815 0.867878
-1.01778 0.832058 -0.281293 1.34437
1.18746 0.732389 0.438832 1.46255
1.0234 0.0110726 1.70187 1.98591
0.846836 -0.155572 0.788305 1.16737
0.375187 -0.613326 -1.12404 1.33432
-3.38825 -0.515363 -0.599243 3.47921
1.99359 0.216393 2.59838 3.28219
-1.07415 -1.31301 -0.143182 1.70244
0.729778 0.691152 1.75503 2.02247
0.747471 0.0111503 -0.104889 0.754877
2.25944 -0.0383955 1.24393 2.57952
-1.62261 -2.17082 -1.13331 2.93764
1.44278 -2.07358 1.52333 2.9499
1.59757 0.620558 -2.12861 2.73282
1.71537 -0.811841 -0.571403 1.98194
2.64546 0.221931 -0.734711 2.75454
-1.87986 -0.355182 0.273892 1.93262
-3.5289 -0.314621 -0.588086 3.59137
0.406981 -0.108283 -0.0340982 0.422518
1.03076 -0.215095 -1.52333 1.85183
0.888131 -0.0698242 0.151229 0.903616
0.689985 0.0560419 0.443535 0.822158
-0.365098 0.625244 -2.67177 2.76814
-0.603497 -1.03518 -1.74926 2.12031
-0.0499352 -1.99293 -0.450312 2.04378
-1.39475 0.241791 1.13445 1.81404
0.0810035 1.03575 -1.58162 1.89231
0.409319 -0.0735098 0.182219 0.454037
1.23744 1.15801 -0.236837 1.71123
-2.66815 0.531393 -1.24766 2.993
0.0546451 0.359142 1.89599 1.93048
0.0416698 1.34283 0.329302 1.38325
0.125671 0.693146 0.242351 0.744968
-0.244474 -0.106546 -0.279265 0.386146
0.16207 0.838545 1.47067 1.70068
0.0321089 1.10255 -1.99346 2.27827
2.37881 -1.2498 -0.364244 2.71172
-2.62345 -0.671154 -1.11338 2.92789
-0.729945 0.379458 0.698558 1.07926
-1.08769 -0.397126 0.441705 1.23931
0.939055 -0.946065 -0.883344 1.59911
-3.02071 -0.597662 -2.96727 4.27628
-0.830111 -0.644128 -2.28113 2.51148
0.243775 -1.19204 1.87472 2.23495
0.480183 -0.0719862 0.213345 0.530352
-0.214365 -1.48377 1.71691 2.27932
0.899742 -2.04815 1.23056 2.55318
-3.49392 -2.57593 1.00963 4.45671
-1.08057 4.23308 1.48075 4.61294
-1.38981 -2.97056 -0.0841465 3.28068
-1.43219 -4.08405 -2.2812 4.89229
1.44168 2.85441 0.0585794 3.19836
-1.24649 -5.0108 0.0695366 5.16398
1.01532 -1.12939 -0.329133 1.55394
0.924559 -1.39178 -2.42458 2.94456
0.439697 -0.161533 -0.00611298 0.46847
0.86163 0.436493 1.17457 1.5207
-0.0971066 1.20967 -0.124818 1.21996
-1.1425 1.38548 0.993168 2.05213
2.80267 -0.193248 -2.081 3.49612
0.197255 -0.800011 -1.37844 1.60594
1.38573 3.13693 -2.37023 4.16876
0.0397854 0.22756 0.127776 0.263994
0.295602 1.1559 2.07279 2.39164
0.620271 -1.00844 0.362585 1.23821
0.609752 0.407398 -0.030379 0.733958
0.74845 -0.385304 -0.310617 0.897284
-1.00775 -0.148959 -1.4619 1.78182
0.591712 0.559094 1.29067 1.52595
1.15245 -0.137624 -1.04559 1.56216
0.412659 -0.258183 -0.988146 1.10153
-3.54897 1.36395 -0.53837 3.83998
1.70395 0.599693 1.09516 2.11246
-0.366819 -0.381171 -0.108265 0.539971
3.16873 -2.0916 -0.0754745 3.79754
-0.289832 2.22686 2.85492 3.63228
-0.061924 -0.0841975 -2.26834 2.27074
1.59802 2.93306 -1.74179 3.767
1.00761 -0.430212 1.12623 1.57123
-0.833401 1.46745 -1.80996 2.47466
0.385289 -0.494604 1.23698 1.38679
-1.39625 0.026539 0.39661 1.45173
-1.54899 0.642789 2.7048 3.18253
3.61371 -0.597215 -0.509923 3.69806
-0.910426 0.997466 0.803629 1.57151
0.383822 0.22066 1.06964 1.15765
-1.64095 0.22323 -0.840758 1.85726
-1.27619 -0.792281 -1.25455 1.95711
-0.974541 -2.18139 -0.838734 2.53212
0.163027 0.39655 0.0866636 0.437425
-1.18755 -0.692404 -1.24176 1.85247
0.52571 -0.404627 1.17487 1.34923
-0.430829 -0.49099 0.922038 1.12997
-1.29068 0.0884989 1.99584 2.37846
0.652054 0.901347 -1.4473 1.82545
3.52631 2.00703 2.35063 4.68919
-0.0401835 0.561697 0.61526 0.834065
1.39233 0.177951 -0.199328 1.41774
1.972 -0.512263 1.06491 2.29896
-0.331397 0.2531 0.408026 0.583412
-2.00547 -0.467745 -0.201124 2.0691
1.70022 0.168399 0.703766 1.84781
-1.31596 1.88549 0.228933 2.31068
0.060082 -1.70698 1.25974 2.12234
1.70017 -1.28823 -1.72195 2.74139
-1.20115 0.661069 -0.854104 1.61533
-2.06962 0.219219 -0.525109 2.14642
-2.47803 0.200871 1.05843 2.70208
0.0541114 1.88679 1.57232 2.45664
-0.691282 -2.01964 -0.0640014 2.13563
2.15932 -0.128105 1.15863 2.45387
-2.06586 -0.224209 -0.928242 2.27589
0.30438 -0.565561 -0.595124 0.875603
1.40543 -0.448729 -0.170719 1.48517
-2.13585 -2.18468 1.71976 3.50603
-0.455488 0.630196 -0.144352 0.790856
-0.661836 -0.631398 0.0595686 0.916645
-0.0161516 1.46977 -3.24227 3.55989
0.0515493 -1.76346 -0.899951 1.9805
0.572539 3.61558 0.115755 3.66246
-1.32053 -2.29013 -0.280786 2.65845
-0.648457 -2.03306 -0.175187 2.14114
0.844772 3.44778 -0.682817 3.61484
-1.69372 -2.75724 -0.775422 3.32752
-0.675219 -2.32787 -0.883596 2.57985
2.61802 1.79832 -0.0116606 3.17618
1.80531 0.500011 -0.893138 2.07529
-0.461306 -0.452587 -0.156534 0.664936
0.773254 2.17111 2.44751 3.36184
-1.18372 -0.437974 -0.715395 1.4508
-0.730724 1.42063 -0.779882 1.77774
-0.15238 -1.24551 0.0939933 1.25831
0.874571 0.0143322 1.41546 1.66391
-0.458347 -0.92604 -1.56098 1.87198
0.274833 -0.854161 1.42937 1.68767
-0.869333 0.849087 -0.0217699 1.21539
0.364626 -1.14881 -2.58068 2.84827
3.7758 -0.391833 -1.06253 3.94197
-2.85234 2.21115 0.223265 3.61592
1.87929 -0.682229 0.234298 2.01297
-2.12633 0.852882 0.602311 2.36885
-0.232967 -1.02797 0.903156 1.38805
-1.21862 1.11244 -0.440756 1.70787
3.52392 0.532995 -1.95929 4.06705
1.34296 -0.436348 -0.0752175 1.41407
0.190926 -2.16346 0.381192 2.20507
-0.519127 0.0996801 1.39997 1.49645
-1.41764 3.04726 0.330319 3.37707
0.0645119 0.798201 -1.83476 2.0019
-2.8989 0.377635 -1.3907 3.23733
0.311646 -1.22925 1.21293 1.75481
0.086548 0.892616 -0.0678226 0.899363
0.889936 1.42108 -2.08947 2.67905
-1.36202 -2.321 -0.850392 2.82229
-0.222484 -1.46743 -0.244726 1.50424
2.42826 1.04876 0.627205 2.71841
-0.380626 -0.0119798 1.25395 1.3105
2.48225 0.541963 1.20562 2.81226
-0.793255 2.82018 -1.2204 3.17365
0.933913 -0.629716 -1.09853 1.57337
-1.47575 1.76702 1.88681 2.97661
-5.11467 -0.536928 -0.295447 5.15126
0.650019 -0.309724 0.0158934 0.720213
-0.0520801 0.344353 -0.607434 0.700191
1.78118 -0.314394 0.587595 1.90176
-0.295628 -0.453791 0.434701 0.694469
0.219526 1.16874 -0.500579 1.29024
1.44791 -0.937471 0.122492 1.72924
-1.09328 1.47315 0.51256 1.90477
-0.58433 0.391098 0.778835 1.04928
0.517899 -1.00908 -1.02788 1.53069
-0.476819 -0.194661 -0.753008 0.912288
-0.525289 2.38985 0.722246 2.55126
-3.03815 -0.738629 0.181649 3.13192
0.296716 -0.222617 0.553457 0.666269
0.400619 0.0862698 1.18202 1.25104
0.991869 -0.218844 1.16319 1.54425
-1.25455 0.068135 -0.220719 1.27564
1.92271 1.46311 1.53551 2.86275
1.33056 1.31975 0.209055 1.8857
-0.917029 0.600149 -0.0271416 1.09629
0.90544 1.21195 0.956783 1.78999
0.353813 2.27229 0.013835 2.29971
-0.254964 0.787531 -0.388658 0.914476
-0.139757 1.11115 -1.04199 1.52969
-3.42159 1.62416 -0.300359 3.79939
0.636943 -1.2594 -0.188785 1.42388
0.653088 -0.617928 -0.514666 1.03597
-0.310976 -1.46386 -1.40297 2.05132
-0.374241 0.0748924 0.218786 0.439924
-1.15282 -2.49499 1.01401 2.92954
-3.63199 -3.07602 -0.698052 4.81047
-0.0341681 -6.16632 -0.620082 6.19752
1.29972 -2.82744 -0.878064 3.23338
0.0613346 -2.67606 1.55234 3.09432
-1.61497 2.87564 1.17951 3.50267
-0.102902 -3.45872 0.357841 3.4787
1.98149 0.472625 -0.52264 2.10305
-0.38284 1.10434 0.44866 1.25197
-1.08589 0.441475 -0.822991 1.43226
1.21453 2.34355 -1.34719 2.96349
-1.4171 1.1919 1.34768 2.29021
-3.82328 -0.188614 2.29581 4.46361
-3.61779 0.0349084 0.161642 3.62157
-1.36358 -0.793125 -0.757909 1.7501
-0.332971 1.54889 -0.512801 1.6652
0.609201 0.341887 1.52421 1.67667
0.646285 1.21625 0.550954 1.48341
-0.569361 -1.57476 -2.18282 2.75113
2.94528 1.21138 -1.54183 3.53827
-0.69839 -0.953142 1.25311 1.72236
0.221652 -0.921549 0.624461 1.13505
-0.433886 -0.548564 1.78766 1.91961
-0.404649 1.15202 1.08247 1.63176
-1.04052 -0.218701 -1.15151 1.56732
-2.95792 1.54116 0.110274 3.33716
-0.693989 -0.51224 0.969729 1.29784
-0.266223 0.300559 -1.65055 1.69868
1.05237 2.72354 0.10467 2.92166
-1.73299 0.860005 -1.47375 2.43203
-1.33349 -1.31173 -2.29629 2.96173
0.275767 0.856408 -0.472053 1.01603
-1.39256 0.395387 -1.31156 1.9534
-1.1141 0.950047 -0.757064 1.64832
1.6821 -2.60318 -1.22759 3.33362
-0.771413 0.664322 0.583826 1.17357
-0.108053 -0.12124 -1.03608 1.04873
-2.23749 -2.51614 1.86845 3.85077
0.693785 -0.385111 0.919207 1.21433
2.04062 -1.45668 -1.2032 2.78096
-3.00896 -0.138659 -0.115649 3.01438
0.194943 0.729873 -0.699581 1.02963
0.14932 -0.335717 2.06287 2.09533
2.33665 -0.58697 -0.0934996 2.41106
0.531104 -1.02667 0.418424 1.22931
-0.161575 1.50781 -1.13163 1.89214
1.00268 0.479805 -1.07093 1.54352
-0.900351 1.2376 1.05361 1.85806
0.974036 -0.183878 -0.519961 1.11934
-2.50013 0.433966 -1.1367 2.78048
-1.74335 -0.0235264 0.610291 1.84723
1.33954 0.623287 -0.763 1.66284
1.2773 0.511552 -0.649422 1.52149
0.984388 -0.364586 -0.0891681 1.05352
1.46913 0.347521 -1.07067 1.8508
1.16558 0.812891 0.0135254 1.42111
-0.101977 -0.247299 -2.34929 2.36447
1.1993 0.245364 1.95908 2.31009
-0.726113 -0.752914 0.126125 1.05358
0.889958 -0.761796 -3.65784 3.84085
-0.373778 0.498368 -0.007382 0.623005
3.76923 0.709825 1.27988 4.04339
-1.74817 0.146836 -0.894011 1.96898
3.07181 -2.25868 -0.0196547 3.81288
-1.01332 1.40534 -0.0783646 1.73434
-1.00443 -0.609647 1.13766 1.63549
1.05882 -0.0738879 3.53131 3.68737
1.20659 -2.59485 0.699949 2.94602
0.150164 -0.0994543 1.7976 1.8066
-0.289993 -0.783215 0.270786 0.877979
1.98021 -1.66285 -1.32487 2.90544
-0.405252 -0.892887 1.31189 1.63784
0.899565 -0.0184076 -1.21693 1.51343
0.829674 2.96287 0.0328304 3.07701
0.2738 3.43869 0.57309 3.49685
-1.04642 -2.45408 -0.615625 2.73797
-0.579356 -3.04146 -0.755697 3.18704
0.67585 -3.52526 0.44444 3.61687
-0.90585 3.69778 0.0700618 3.80776
4.39317 0.439033 -0.408926 4.43395
1.25201 -1.1724 -0.361653 1.75295
1.98891 1.73323 -1.50975 3.0396
-2.36792 2.32458 0.039185 3.31847
0.619664 -0.271593 0.22522 0.713071
0.908567 -0.0922856 -1.66635 1.90019
0.422351 -1.28478 -0.37426 1.40325
-0.0548267 -0.698147 0.0238195 0.700702
-0.947402 -1.23167 -1.8894 2.44631
-0.913922 -2.32971 -0.160297 2.50768
-0.804804 1.27364 -0.126067 1.51188
0.435091 -1.93963 -0.212312 1.99914
-2.9066 1.7481 -1.85685 3.86679
0.882997 -0.117513 -0.806156 1.20141
1.60113 1.19877 0.935197 2.208
1.66627 -0.803584 0.278653 1.87079
-1.50975 0.539993 2.86014 3.27893
0.629423 0.0298187 0.711913 0.950727
-1.66752 2.14148 -2.41698 3.63433
-0.926744 -0.0116718 -1.45381 1.72411
-0.710506 -0.804968 0.315764 1.11915
-3.17981 0.909882 -0.269622 3.3184
-1.08086 0.0629371 -2.32749 2.56699
-2.24611 -1.49633 -1.3567 3.0207
3.22452 -0.824677 0.018588 3.32836
1.51488 2.11063 -1.29387 2.90236
-0.478068 -0.120624 0.33241 0.594639
-0.572044 -0.150782 0.377783 0.701919
1.07561 1.01293 -2.49498 2.89963
-1.17526 1.28394 0.90269 1.96076
-0.39348 -0.881758 -2.89614 3.05286
0.800831 -1.70076 -0.0843187 1.88176
0.474156 0.801364 -0.069323 0.93371
-0.85861 -2.2525 -1.34864 2.76221
-0.733206 -0.616308 -0.179525 0.974503
0.507471 -0.292038 -1.73384 1.83003
-2.66419 0.726446 -0.476059 2.80218
1.81332 -0.0893184 -0.711763 1.95005
0.440299 2.38936 0.307937 2.44902
-0.555436 1.02532 -0.66312 1.34146
-0.41517 0.119998 -0.912813 1.00995
0.171861 -0.549562 0.463509 0.739185
1.50934 0.647003 -2.29454 2.82164
-1.02181 0.198259 -2.94162 3.12034
1.12731 -0.630866 -0.600796 1.4247
-1.4271 -1.28009 -0.168336 1.92447
-1.47337 -1.92485 -0.894357 2.58374
0.667032 -0.907497 -0.221842 1.14791
3.08461 -1.33272 -2.69595 4.30802
3.09499 -1.35334 -1.99667 3.92392
1.47069 -0.0923401 -0.29084 1.50201
-0.552088 -0.509954 -1.34612 1.54171
1.08416 -0.231294 -0.203827 1.12714
-0.43019 -1.31236 -2.61086 2.95363
0.0707902 0.276347 -0.605135 0.669004
0.282894 -0.257914 -0.840904 0.923942
-1.11863 -1.2191 -2.1052 2.67758
3.00086 -1.18348 0.270571 3.23713
1.29233 1.35449 -1.43136 2.35659
-1.73898 1.91677 -2.11284 3.34099
-2.58935 -0.393311 -0.183059 2.62544
0.23112 -0.828172 0.592843 1.04439
0.357456 -0.870617 1.35382 1.64881
1.02484 0.404142 1.83095 2.13682
0.822449 -0.455702 -1.78125 2.01418
0.336548 -1.04241 -2.66283 2.87933
