-0.0335089 0.00769918 -0.397131 0.398617
-0.153091 -0.347287 0.0989754 0.392226
0.136046 0.148309 -0.313131 0.37223
-0.0126859 0.166717 -0.201376 0.26174
-0.177561 -0.201428 -0.000914131 0.268519
0.182981 0.551755 0.061782 0.584579
-0.158883 0.165512 -0.354178 0.421995
0.0182542 -0.0434707 0.145895 0.153324
0.056704 0.0518482 0.0708228 0.104496
-0.029203 0.173761 0.385297 0.423674
0.0423869 -0.0143189 -0.128995 0.136534
-0.361743 -0.0282769 0.171281 0.401241
0.0861292 0.100235 -0.0139911 0.132895
-0.210738 -0.0658522 -0.23235 0.320521
0.264894 0.443498 -0.176249 0.545823
0.0773632 -0.270392 -0.169877 0.328565
0.0931721 -0.105834 0.261325 0.296939
-0.107967 -0.0723236 0.121192 0.177694
0.241934 0.47901 -0.226142 0.582343
-0.427975 -0.110498 -0.122642 0.458709
-0.0665135 -0.0094164 -0.0314024 0.074154
0.0312535 -0.647915 0.0938909 0.655429
-0.239473 -0.0151487 0.369482 0.44056
0.00950244 -0.00592458 0.117209 0.117743
0.199305 0.256597 0.00174664 0.324912
0.166447 -0.00299359 -0.0340644 0.169923
-0.184575 -0.261186 0.462154 0.562025
-0.129934 0.0149388 -0.0326802 0.134811
0.105752 -0.00462068 -0.142695 0.17767
0.17106 0.0804894 -0.189125 0.26741
0.00550021 0.0684507 0.165468 0.179152
0.417444 -0.0646129 0.126531 0.440958
-0.679834 -0.0856542 0.153574 0.702208
-0.179472 0.347216 -0.160147 0.422394
-0.0275814 -0.279251 -0.0497152 0.28498
-0.0399132 -0.179204 0.376717 0.419073
-0.221738 -0.0243288 0.45961 0.510882
0.134618 -0.490341 -0.15145 0.53056
0.173952 0.0479553 0.262171 0.318265
-0.0275558 -0.144469 -0.365257 0.393756
0.231164 -0.128329 0.176766 0.318043
0.0500072 0.118017 -0.0304591 0.131744
-0.115733 -0.209444 0.330158 0.407756
0.353705 0.0556217 0.0241072 0.358862
0.210566 0.0723496 -0.135465 0.260621
-0.0480741 -0.0223281 0.0554063 0.0766781
-0.222127 0.270051 -0.0765899 0.357958
0.137987 0.220108 0.518713 0.580131
-0.0755964 0.483544 0.128614 0.506035
-0.018236 -0.15299 0.114504 0.191963
0.142921 -0.131909 0.0764903 0.208991
-0.11045 -0.00070555 -0.270142 0.29185
-0.152699 0.0961092 0.222123 0.286169
0.00147084 0.0097285 -0.197776 0.198021
-0.283571 0.283968 0.0562557 0.405235
-0.553414 0.0472482 0.334245 0.648243
0.468474 0.0547486 0.0637445 0.47595
-0.098058 0.0976745 0.193248 0.237698
0.213381 0.334324 0.414474 0.573666
0.0753329 -0.239225 0.0281075 0.252376
0.18147 -0.0910434 0.0259504 0.204679
-0.128396 -0.174973 -0.162641 0.271207
0.160177 -0.18637 0.0289728 0.247447
0.36811 0.405813 0.144601 0.566656
0.0425257 0.346345 0.0750199 0.356919
0.0355939 -0.13884 0.0924488 0.170559
0.123637 -0.161342 -0.0913298 0.222842
0.0570814 0.0121283 -0.0995474 0.115391
0.268531 0.0754185 0.49366 0.567006
-0.106117 0.293125 0.700911 0.767111
0.0807667 0.173265 -0.187828 0.267999
-0.248514 -0.0205043 -0.459087 0.522437
-0.450943 0.0834264 0.415158 0.6186
0.301423 0.453508 -0.213241 0.584805
0.287785 -0.0379348 0.0471852 0.294085
0.465008 -0.134644 -0.0585565 0.487638
-0.14099 0.226591 0.0848893 0.280049
0.40258 -0.159871 -0.267919 0.509323
-0.133578 0.235531 0.233485 0.357538
-0.170831 0.0879415 0.267637 0.329464
0.00353262 -0.278689 -0.0554464 0.284173
-0.0715714 0.00570215 0.103446 0.125921
0.0232893 -0.205272 -0.412163 0.46104
-0.122804 0.06631 -0.342741 0.370067
0.273738 0.0506271 -0.0605827 0.284896
-0.0769833 -0.278518 0.167345 0.333921
-0.489681 0.0425707 -0.121187 0.506247
0.28474 0.122947 0.0169991 0.310615
0.00746293 -0.114992 -0.195129 0.226614
0.556664 0.1345 -0.26777 0.632192
0.154606 0.265821 -0.30583 0.4337
-0.0825149 -0.294766 -0.270188 0.408286
0.130033 0.204485 0.126093 0.27317
-0.0279862 0.17799 -0.228797 0.291224
-0.153897 0.0785963 0.202487 0.2662
-0.363765 0.0132644 -0.156011 0.39603
0.102555 -0.388172 -0.306996 0.505412
-0.129355 0.0973136 -0.00224233 0.161888
0.000402876 0.193501 0.375198 0.422157
-0.113155 -0.186533 0.104221 0.241786
0.337462 0.220859 -0.0822743 0.411617
-0.258378 -0.320284 -0.215832 0.464677
-0.30275 -0.191221 -0.144105 0.385991
0.0429086 0.111053 -0.0627708 0.134589
0.125797 0.0523272 0.0931258 0.165032
0.00437753 0.158518 0.248404 0.294706
-0.263646 0.028329 -0.131861 0.29614
0.0368529 -0.0760718 0.332444 0.343022
0.228183 0.197984 -0.463996 0.553676
-0.257309 0.124598 -0.26558 0.390212
-0.0257739 0.0304785 0.0824689 0.0916207
0.170985 -0.0277623 -0.0167702 0.174034
0.118839 -0.342361 -0.520584 0.634304
0.232172 -0.172249 0.307186 0.421825
-0.0816594 0.328169 0.0520077 0.342152
-0.259999 -0.12646 0.0478492 0.293055
0.341139 -0.0974702 -0.563509 0.665897
-0.377431 0.401124 -0.0277769 0.551477
-0.279464 0.249863 0.351893 0.51416
0.273236 -0.0111021 -0.245733 0.367649
-0.305165 0.0979519 0.284179 0.428344
-0.152333 0.214418 -0.145932 0.300793
0.323419 -0.272263 -0.2556 0.494023
-0.0128145 -0.0266506 0.402355 0.403441
0.140883 0.258389 -0.104935 0.312449
-0.160317 0.140586 0.320203 0.384702
0.107135 -0.0260947 0.0225835 0.112556
0.350567 0.13892 0.203097 0.428304
0.123021 0.150637 -0.0523015 0.201398
-0.0492007 0.164786 0.0885589 0.193437
0.13034 0.141578 -0.123411 0.228611
-0.0155805 -0.21335 0.191606 0.287182
-0.170147 0.114555 0.300161 0.363551
0.0631325 -0.0237098 -0.264278 0.272747
0.0983183 -0.126372 0.0501885 0.167795
-0.173598 -0.154423 -0.031635 0.234486
0.186318 0.150277 0.101336 0.259936
0.158358 0.200474 -0.235694 0.34759
0.229571 -0.0295055 0.533259 0.581325
-0.206415 -0.340588 -0.0070928 0.398319
-0.140373 -0.308628 0.130761 0.363392
-0.0662086 0.355283 -0.385645 0.528519
0.045081 0.0461042 0.134336 0.14901
0.164406 0.289865 -0.157508 0.368592
-0.159405 -0.319039 0.378163 0.51981
-0.16468 -0.298927 0.0393955 0.343553
-0.199854 -0.0684474 0.216172 0.302253
-0.318285 -0.246089 -0.0738207 0.409041
-0.210789 0.204515 -0.0761916 0.303419
-0.0903301 -0.09126 -0.0906715 0.157192
0.230898 0.0588389 -0.09115 0.255116
-0.23719 -0.150767 -0.0144694 0.281423
0.194205 0.0118889 0.0417518 0.198998
0.160214 0.205134 -0.143619 0.297279
0.369492 -0.0513179 0.127435 0.394205
0.1465 -0.250354 -0.188955 0.346184
0.126502 0.0369658 -0.388524 0.410269
-0.0416026 0.541475 0.0533816 0.545688
-0.368076 0.330392 -0.261327 0.559402
0.143249 -0.211068 -0.0402329 0.258241
-0.0205022 -0.374654 -0.163418 0.409257
-0.221354 -0.202112 -0.113455 0.320498
-0.297454 -0.075323 0.118509 0.328933
0.0200916 -0.0572672 0.0070034 0.0610921
-0.0447141 0.172777 0.101317 0.205223
-0.0351533 -0.229348 -0.212816 0.314845
-0.0650598 0.169946 0.148548 0.234906
-0.107494 0.0448848 -0.0577787 0.130031
0.341198 -0.254614 0.0336647 0.427057
0.10909 -0.143081 -0.0887963 0.200643
0.203534 -0.0989039 -0.329631 0.39983
0.135858 0.203211 -0.239105 0.341941
-0.098175 0.0297323 -0.132774 0.167784
0.11113 -0.00694406 -0.332377 0.350532
-0.375099 0.109505 -0.0296703 0.391882
-0.060573 0.0169242 -0.166956 0.178409
-0.21466 -0.419024 0.162765 0.498148
0.0602786 -0.144 0.133739 0.205562
-0.211778 -0.223226 0.0718747 0.315984
-0.0965112 0.198249 0.328009 0.39523
-0.350547 0.100931 -0.0348941 0.366453
0.01489 -0.261994 0.030286 0.264158
0.341384 -0.0414418 0.0866282 0.354633
-0.252001 -0.0980782 0.134598 0.30206
0.0601593 0.512285 -0.0627485 0.519608
-0.19084 -0.167401 0.215975 0.333299
0.214339 0.312405 0.419851 0.56552
0.197473 0.227776 -0.0659621 0.308591
0.319188 -0.0271328 0.392203 0.506399
-0.328568 -0.00541263 0.228251 0.400106
0.190512 0.0317127 -0.128547 0.232002
-0.159689 0.22264 0.342209 0.438379
-0.13918 -0.0536473 0.337516 0.369008
-0.00309496 0.218639 -0.0957195 0.238694
-0.0463636 0.212377 -0.0556753 0.224396
-0.275394 0.0735631 -0.28225 0.401146
0.182884 0.0559764 0.0765735 0.206018
-0.208777 -0.284033 -0.00904201 0.352625
-0.227893 0.26308 0.0970761 0.361345
-0.134674 -0.12649 0.0236017 0.186263
0.0113068 0.518932 0.188233 0.552132
0.00592337 -0.0295385 0.533417 0.534267
0.000470851 -0.373296 0.311633 0.486277
-0.012157 -0.018507 0.304108 0.304914
0.694445 -0.0453051 -0.257642 0.742082
0.617253 -0.189231 0.269448 0.69958
-0.294792 0.160108 0.235098 0.409643
0.322122 -0.0601096 0.143647 0.357786
0.202765 -0.101636 -0.246321 0.33484
0.00975778 0.0125394 -0.0321725 0.035882
-0.0923075 0.22872 0.228944 0.336524
-0.0484594 0.161151 -0.0314953 0.171202
-0.396904 -0.032865 0.373241 0.545822
0.0212598 0.210383 -0.106142 0.2366
0.0236975 0.268016 -0.0344069 0.271253
-0.445301 -0.194798 0.280091 0.560973
-0.0317974 0.285571 0.0627104 0.2941
0.0598209 -0.0850264 0.366039 0.380516
-0.289764 0.0718915 -0.361369 0.468742
-0.339355 0.319481 -0.404806 0.617331
-0.269881 0.205647 -0.467949 0.578016
0.152129 0.274948 -0.160026 0.35263
0.09951 -0.163604 0.326933 0.378885
-0.209514 -0.107909 0.170753 0.291027
-0.057666 0.000566472 -0.0493483 0.0759009
0.158581 -0.0902367 0.0223893 0.183826
0.130051 -0.242933 0.160617 0.318947
0.233042 -0.240841 -0.2828 0.438507
-0.210537 -0.0588787 0.407454 0.462398
0.32385 0.00379856 0.102814 0.339799
0.103167 0.0888611 -0.122083 0.182877
-0.288875 0.274812 -0.269483 0.48124
-0.112974 0.121702 0.0855175 0.186782
0.260002 -0.428117 -0.0120982 0.50103
-0.140415 0.193131 -0.216717 0.322463
-0.463266 -0.272462 -0.000241137 0.537449
-0.140962 -0.27981 0.0750732 0.32218
0.116885 0.164474 -0.0369241 0.205127
-0.0830901 0.219766 0.249094 0.342416
0.192934 0.0708076 -0.303827 0.366808
-0.0298237 0.131211 0.309753 0.337717
0.224754 -0.0296675 0.330278 0.400597
-0.0691406 0.160153 0.233955 0.291829
-0.0689706 0.0616877 -0.283635 0.298347
0.00643027 -0.176125 -0.107748 0.20657
-0.123126 -0.123508 0.131298 0.218296
0.0218403 -0.242027 0.0360529 0.24567
-0.16617 0.0954209 -0.199465 0.276593
-0.351582 -0.147157 0.102824 0.394763
0.0283817 0.00718812 -0.265512 0.267121
0.0215823 0.130542 0.0580741 0.144498
-0.00737766 0.212483 0.179787 0.278437
-0.0404973 0.239406 -0.245519 0.345304
0.0864796 0.235187 0.000950863 0.250585
-0.062678 0.21396 0.131832 0.259011
0.310778 -0.11971 0.20232 0.389676
0.0588089 -0.547195 -0.0937207 0.558269
0.280222 -0.301545 -0.145186 0.436501
-0.113186 -0.0361543 0.384819 0.402745
0.181139 0.31804 -0.108378 0.381715
0.119931 0.245972 -0.176007 0.325368
-0.603338 0.0627229 -0.24922 0.655791
-0.138563 -0.0922569 0.127687 0.209798
0.380997 0.094446 0.132073 0.414152
-0.331218 0.00751052 -0.0903604 0.343405
-0.306571 0.121756 0.163861 0.368322
-0.118003 -0.0267781 0.325732 0.347481
0.489788 -0.419211 -0.0679605 0.648266
-0.165975 0.274217 -0.0677128 0.327609
-0.0137438 -0.0669707 -0.481031 0.485865
0.100723 0.194606 -0.00759707 0.219259
-0.275938 0.0993995 0.0464924 0.296957
-0.129893 0.235974 0.0373523 0.271939
0.413247 -0.109792 0.140549 0.45009
0.39409 0.21572 0.189253 0.487503
-0.182558 0.0955855 -0.215275 0.298006
-0.0691602 0.122784 0.186211 0.233525
-0.213065 -0.0185984 0.194807 0.289296
0.0330184 -0.35138 0.165662 0.389874
-0.171688 0.0688219 -0.222405 0.28927
0.244692 0.326203 -0.434309 0.595741
-0.183238 -0.360439 -0.224309 0.462392
-0.0701562 -0.13464 0.405392 0.432888
0.338921 0.109715 0.419874 0.550635
0.159297 0.0342796 0.500478 0.526336
0.07661 0.479673 -0.16535 0.513123
-0.212226 -0.00225184 0.321595 0.385315
-0.0427019 -0.150607 0.0118995 0.156995
0.497707 -0.202923 -0.165411 0.562362
0.300364 -0.414786 -0.296995 0.592007
0.142224 0.0563588 -0.0827118 0.173911
0.294831 -0.00363051 0.427505 0.519326
0.0877521 0.118003 0.125128 0.193086
0.298005 0.277218 -0.0152927 0.407297
0.193444 -0.240027 0.0625659 0.31456
0.198609 -0.29957 0.279874 0.45554
0.508712 0.0919317 -0.257498 0.577533
-0.209938 0.00899092 -0.0370757 0.213376
-0.207745 0.106249 -0.210531 0.314277
-0.107828 0.224574 -0.228877 0.338297
0.328672 -0.298687 0.0758365 0.450545
-0.0815716 -0.204031 -0.0654841 0.229283
0.063012 -0.102352 -0.153778 0.195177
0.332106 0.0947423 -0.116244 0.364394
0.0264798 -0.168191 0.0613677 0.180985
-0.602253 -0.120973 0.216856 0.651436
0.304921 0.215385 -0.331607 0.49933
0.422588 -0.0253362 -0.156705 0.451419
0.145179 -0.155218 0.299628 0.367351
0.0865511 0.0678611 -0.07699 0.134252
0.0904144 0.144786 -0.238503 0.293294
0.040438 -0.157147 -0.268403 0.313641
-0.291625 -0.119014 -0.280893 0.422031
0.218726 0.00855694 -0.207343 0.301505
-0.0795656 0.18953 0.062017 0.214706
0.0548952 -0.398186 0.0590087 0.406261
-0.169658 -0.0876062 0.185891 0.266485
-0.321741 -0.01526 0.087229 0.333705
0.262334 0.25096 -0.219499 0.424241
-0.0381344 0.138736 0.135483 0.19763
0.165919 0.0597413 -0.148753 0.230707
0.0710754 -0.0704333 0.0166169 0.101433
0.0245087 -0.319834 -0.054928 0.32544
0.0676637 0.0658407 -0.118373 0.151412
0.396667 0.171578 -0.190231 0.472198
0.316935 0.221299 0.149685 0.41452
0.212868 -0.0972996 0.064914 0.242886
-0.201666 -0.377287 0.0325006 0.429035
0.374619 -0.206576 -0.0078187 0.427871
-0.608002 0.0301 0.356934 0.705673
-0.217216 0.0929923 -0.0558705 0.242801
-0.173461 -0.264432 0.281294 0.423248
0.180921 -0.134081 -0.463659 0.515451
0.0154816 -0.0468847 0.340604 0.344165
-0.363826 0.228535 -0.156034 0.457104
0.629424 0.247711 -0.119961 0.686969
0.0306978 -0.000785822 0.488116 0.489081
-0.0461518 0.0543673 -0.412662 0.418778
0.41027 0.0946339 -0.281795 0.506642
-0.160713 -0.256572 0.514751 0.597182
0.0226395 0.121788 0.0324933 0.128065
0.0708536 -0.0598878 0.0339307 0.0987829
-0.145015 0.383911 0.251955 0.481558
-0.0828693 -0.37415 -0.0953863 0.39491
0.00642857 0.326892 -0.10501 0.343404
0.344957 0.184188 -0.184784 0.432511
0.166952 -0.176386 -0.0318069 0.244942
-0.119547 0.256408 -0.166249 0.32814
0.0133132 -0.42714 -0.330418 0.540187
-0.183308 0.0333104 0.0246607 0.187935
-0.149327 -0.0700217 -0.0902831 0.188023
-0.101399 -0.512787 0.0386942 0.524147
0.0473881 -0.316368 -0.0863755 0.331354
0.116484 -0.210169 0.0953166 0.258505
-0.155054 0.0607473 -0.0489616 0.173578
0.0209566 0.232911 0.0632239 0.242247
0.129441 -0.223485 -0.126768 0.287699
-0.0207683 0.160197 0.251568 0.298966
-0.280733 0.0285242 0.0238039 0.283181
0.198172 -0.0661983 -0.162364 0.264607
0.496689 -0.0713544 -0.0124917 0.501944
-0.0602505 -0.0859928 0.201173 0.226926
-0.0996681 0.381306 0.35965 0.533551
0.0166149 -0.0365075 0.0804623 0.0899057
0.239907 0.00998338 -0.0497725 0.245219
-0.190664 0.0183039 -0.0119889 0.191915
0.0591064 0.0715143 0.231116 0.249043
0.203083 -0.0669581 -0.241314 0.322426
0.0381766 0.184866 0.0260032 0.190549
0.0824109 0.221853 -0.215761 0.320255
-0.0834505 0.103488 -0.0786828 0.154482
-0.0848005 0.346339 0.166168 0.393387
0.0675714 0.0625133 0.0957592 0.132829
0.0674234 0.425937 0.0180977 0.43162
-0.273365 0.212418 -0.0850694 0.356492
-0.195333 0.00275866 0.0639083 0.205541
-0.101787 0.321004 0.212974 0.39845
0.160528 0.359114 0.256806 0.469767
0.186536 0.411823 0.205477 0.496603
0.0967362 -0.189532 -0.00884689 0.212975
-0.230904 0.0326744 -0.400954 0.463841
-0.114185 0.0918841 -0.13655 0.200316
-0.487817 -0.105918 0.369424 0.621014
0.0278912 -0.178062 0.116407 0.214557
0.0279675 -0.16553 -0.0774507 0.184881
0.192258 0.073577 -0.202125 0.288498
-0.191453 -0.127439 0.0960963 0.249258
-0.400134 -0.0516916 0.158974 0.433649
-0.0286756 0.193544 0.28838 0.348489
-0.214657 0.0552122 -0.0938341 0.240689
-0.158565 -0.159852 -0.301442 0.376248
0.152877 0.0691872 0.0394059 0.172369
-0.208161 0.109857 0.0283153 0.237069
0.0621389 -0.0970966 0.247037 0.27261
0.248741 -0.157469 -0.259918 0.392716
0.172283 -0.155097 -0.0962035 0.250981
-0.00979396 -0.170565 0.25733 0.30888
-0.0487409 -0.14476 0.376498 0.406302
0.329116 0.220718 -0.0882548 0.405983
0.0673477 0.317373 0.113709 0.343789
-0.270058 0.389633 0.154994 0.498767
-0.0117557 -0.370685 0.189099 0.416298
0.250666 0.0482266 -0.171615 0.307589
0.0925999 -0.159726 0.110172 0.215
0.277269 0.00753569 0.251051 0.374114
0.253025 0.292724 -0.134285 0.409562
0.0129364 -0.265238 0.144514 0.302329
0.0386336 0.28617 -0.356359 0.458669
0.250497 -0.12482 -0.127587 0.307582
0.219534 -0.18972 0.0297794 0.291678
-0.339913 0.19717 -0.279718 0.482347
0.30516 0.12947 -0.106131 0.348065
-0.139141 0.158032 -0.19642 0.28795
0.214102 0.317983 -0.233035 0.448618
-0.273864 0.143297 -0.26922 0.409896
-0.0901273 0.0978214 -0.239999 0.274393
-0.0434554 0.183207 -0.0533905 0.195714
0.420345 -0.0134492 0.096811 0.431559
-0.127232 0.179098 -0.15396 0.268268
0.0117877 0.0157103 0.341147 0.341712
0.0673729 0.117295 0.264648 0.297214
0.435117 0.50054 -0.121279 0.674223
-0.0589366 -0.234286 -0.125208 0.272104
-0.30895 -0.164253 0.193917 0.400041
0.0843014 0.421323 0.27358 0.509378
0.276699 -0.0925047 0.00123652 0.291755
-0.349322 0.00842758 -0.235806 0.421547
0.0298577 -0.0822237 0.0253196 0.0910676
0.191114 -0.108504 -0.241076 0.326213
-0.287041 -0.0776434 -0.134878 0.326517
0.490636 0.0468975 0.201948 0.53264
0.0507596 0.053034 0.0314933 0.079881
0.243985 0.247226 -0.256141 0.431576
0.0247144 0.351374 0.31675 0.473714
0.0429986 -0.0597292 -0.191564 0.205215
-0.105098 -0.368662 -0.0514484 0.386787
-0.131737 -0.00295818 0.142102 0.193795
0.135756 0.213556 -0.410406 0.482151
0.298754 -0.185534 -0.0437019 0.354382
0.147249 -0.036705 -0.100168 0.181833
0.327533 -0.103945 -0.0148138 0.34395
0.0187758 0.58804 -0.00914565 0.588411
0.213309 0.351394 0.190243 0.452958
-0.285394 -0.527876 0.0473853 0.601954
0.248886 -0.290892 -0.0376774 0.384684
-0.0795762 0.162006 -0.0448068 0.185973
-0.213056 0.0146934 -0.306827 0.373833
0.0416605 0.0236146 -0.099948 0.110828
-0.427949 0.0252897 0.0255852 0.429458
0.397028 -0.0951946 -0.27136 0.490234
-0.136645 0.119096 -0.110769 0.212427
-0.181667 0.228223 0.069406 0.299842
0.0437561 -0.273736 -0.423282 0.505977
0.183292 0.118206 0.0830981 0.233397
0.210441 0.325009 -0.240838 0.455981
-0.274721 0.498423 -0.13396 0.584673
0.0482991 0.0700535 -0.132139 0.157166
0.0750036 0.101093 -0.0271587 0.128775
-0.408733 -0.131178 -0.147194 0.453802
-0.143701 0.0596632 0.0772427 0.173713
-0.171916 0.14858 -0.144662 0.269366
0.14212 -0.25598 0.25731 0.389785
0.00458487 -0.218549 0.0778209 0.232036
-0.206821 -0.136811 -0.165283 0.298011
0.348404 0.0105519 -0.083799 0.358495
0.106791 0.244344 0.195093 0.330408
-0.19215 -0.366105 0.0357981 0.415013
-0.150622 0.083377 0.174232 0.24494
0.00568668 0.157447 -0.302912 0.341435
0.265024 -0.139758 -0.290679 0.41745
-0.15183 0.200908 -0.211714 0.328997
-0.325827 -0.281475 -0.331956 0.543678
-0.0443788 0.182222 0.573372 0.603266
0.0740499 -0.165006 -0.0251414 0.1826
0.0799076 0.120719 0.156928 0.213506
0.171382 0.0604146 0.16846 0.247791
0.27877 0.181426 -0.146426 0.363413
0.232799 0.11745 0.0790358 0.272464
0.0647383 -0.0582458 0.0993844 0.13214
-0.042916 0.0925242 -0.215145 0.238097
0.0751939 0.0177157 0.302881 0.312577
0.361285 0.183464 0.0523363 0.408564
-0.131842 -0.466696 -0.410136 0.635137
-0.0361649 0.277375 0.23706 0.366663
-0.0484871 -0.330213 -0.443419 0.554988
-0.0413855 0.0732317 0.0643409 0.105903
-0.167457 -0.135232 -0.176093 0.278098
0.257528 -0.315968 -0.181652 0.446267
-0.0572026 -0.0361961 -0.185684 0.197638
-0.245027 -0.184503 0.202921 0.367772
0.00690573 -0.432064 -0.166358 0.463036
0.1503 -0.04203 -0.0578499 0.166443
-0.342329 -0.103922 -0.267715 0.446834
0.0780873 -0.199796 -0.171213 0.274463
0.106905 0.226605 -0.357615 0.436654
0.180546 0.168582 0.0543555 0.252925
0.0516531 -0.386617 -0.205991 0.441104
0.123089 -0.340895 0.149315 0.391989
0.0116099 0.0726514 -0.051073 0.0895627
-0.157453 -0.0501472 -0.230232 0.283395
0.125485 -0.338883 -0.425952 0.55859
-0.230623 -0.100669 0.0202213 0.252448
-0.536585 -0.0116999 -0.061545 0.54023
0.0693557 -0.241402 -0.133488 0.284437
0.33916 0.109313 -0.0589095 0.361178
-0.31945 0.0109053 0.226497 0.39175
0.147367 0.129565 0.0946497 0.217859
-0.105262 -0.0841918 -0.00806189 0.135031
0.529585 -0.317748 -0.0717686 0.621751
0.0190079 -0.138229 0.313829 0.343449
-0.267305 -0.238349 0.168165 0.395653
0.342052 0.577884 0.0849643 0.676882
-0.278764 -0.141985 0.0149654 0.313198
-0.303436 -0.0412467 -0.067056 0.313482
-0.0515161 -0.120179 0.393226 0.414396
0.182566 -0.0388878 -0.18067 0.259777
0.177725 0.269262 -0.259718 0.414176
0.217513 -0.0483033 0.329184 0.397501
0.234459 0.000557712 0.187369 0.300131
0.277348 0.113982 0.147415 0.334133
-0.2825 0.216199 -0.0277806 0.356819
-0.123265 -0.0978072 -0.227692 0.276775
-0.271126 -0.116176 -0.177123 0.344062
0.0186819 -0.0221788 -0.0116242 0.0312416
-0.0994703 0.238475 0.263567 0.369097
0.0653751 0.295539 -0.106703 0.32094
-0.0552148 0.29828 -0.12043 0.326379
0.0299004 0.0207568 0.354456 0.35632
-0.204469 -0.11834 0.42173 0.483393
-0.00825543 0.241666 -0.113891 0.267286
0.0367154 0.138345 -0.201664 0.247296
-0.309117 0.036162 0.150126 0.345541
0.0345917 -0.144395 0.0308059 0.151643
-0.349986 -0.416858 0.026843 0.54496
-0.250703 0.0572717 -0.0227893 0.258169
0.200738 0.0683271 0.191694 0.285851
-0.054247 0.0596581 0.0920593 0.122379
0.0150246 -0.0602554 0.22974 0.237985
0.406633 -0.0813883 -0.00703185 0.414757
0.11741 -0.0187911 0.0822866 0.1446
-0.153879 0.147791 -0.249169 0.328033
-0.128015 0.143019 0.0236341 0.193393
-0.0323737 -0.089761 0.24462 0.262572
-0.329081 -0.210857 -0.18412 0.432036
0.0218592 0.163286 0.0889833 0.187238
-0.23049 0.0333922 0.0147913 0.233366
-0.425025 0.151782 -0.145516 0.474193
0.108353 0.17113 -0.106301 0.228748
-0.0771262 0.0565421 -0.206029 0.227141
-0.0223368 -0.299014 0.523408 0.603212
0.0332131 -0.327141 -0.0492885 0.332496
0.0150195 -0.0738939 0.163518 0.180066
-0.0746239 -0.491186 0.441588 0.664705
0.33392 0.483191 -0.187307 0.61649
-0.0134462 0.35095 -0.474933 0.590684
-0.158501 -0.00817647 0.0759649 0.175955
-0.0828022 0.239901 0.25853 0.362279
0.248199 -0.0470687 0.165503 0.302009
-0.312286 0.148395 0.461379 0.576554
0.368345 0.160205 0.359068 0.53877
-0.293523 -0.261138 0.290304 0.488493
-0.0432242 0.307451 0.0066492 0.310546
-0.0338269 -0.107029 -0.0852131 0.140928
-0.117206 -0.164051 -0.245769 0.317887
0.197382 -0.131516 -0.0951541 0.255559
0.0580987 -0.308985 -0.333926 0.458644
-0.345764 0.0417163 -0.253616 0.43083
-0.0230783 -0.180457 -0.122691 0.219432
-0.247168 -0.313657 -0.142845 0.424119
0.128573 -0.0587802 0.175637 0.225465
0.0239586 0.00210532 -0.390498 0.391238
0.115327 0.107575 0.248613 0.294416
-0.661643 0.150373 -0.259559 0.726467
-0.339104 -0.0416416 0.0134592 0.341917
-0.122038 -0.209188 0.152875 0.286398
0.184972 -0.037381 -0.251932 0.314773
-0.117842 0.343137 0.138793 0.38845
0.293038 -0.244232 0.159834 0.413603
-0.094189 0.278603 -0.10108 0.31098
-0.316303 0.0420111 -0.473457 0.570941
-0.139825 -0.33374 -0.227455 0.427398
0.27901 -0.251463 -0.223972 0.437314
0.121389 -0.0107086 -0.212525 0.244983
0.0787272 -0.190399 0.15381 0.257113
0.180976 0.0895105 0.00559147 0.20198
0.0370041 0.183324 -0.13144 0.228591
0.438111 0.200623 0.00729711 0.481917
-0.212813 -0.0119616 -0.194863 0.288797
0.41256 0.079415 -0.302812 0.517887
-0.230191 0.191456 -0.31577 0.435148
0.197396 0.1596 -0.178003 0.310036
0.26452 -0.21088 0.223713 0.405572
0.303164 0.00359681 0.0969607 0.318312
-0.203746 0.0682365 0.120772 0.246484
-0.197865 0.00881679 0.0599116 0.206925
-0.0248519 0.20371 0.0490752 0.211006
-0.00480095 0.0296857 0.432625 0.433669
-0.0405623 -0.653187 0.0388739 0.655599
-0.356225 -0.193578 -0.101814 0.418012
0.330278 -0.0249899 -0.149462 0.363382
-0.119537 0.142257 0.0811151 0.202746
-0.275482 0.0132764 0.341451 0.438925
-0.181895 -0.262645 -0.331784 0.460596
0.332537 -0.0863436 -0.353376 0.49286
0.0922247 -0.101215 0.0263293 0.139438
-0.129944 -0.473279 0.112913 0.503614
0.256741 0.178507 -0.346464 0.46671
-0.12878 -0.0701471 0.0342988 0.150604
-0.361468 0.0244502 -0.0599883 0.367226
-0.175249 -0.0291742 0.0781223 0.194079
0.0130386 -0.312571 0.0392817 0.315299
-0.212781 -0.117535 0.127097 0.274306
-0.288401 -0.192426 0.0372862 0.348702
-0.0277458 -0.041941 0.331637 0.335428
-0.352369 0.201272 -0.160372 0.436341
0.00617809 0.0388847 -0.136524 0.142088
0.0868249 0.244891 -0.24084 0.35428
0.544704 -0.277075 -0.0356291 0.612162
0.038172 0.109468 0.427627 0.443063
0.119396 0.0741191 -0.091296 0.167583
0.317949 0.0802781 0.0667966 0.334661
-0.0320208 -0.320907 -0.266282 0.418225
-0.0159014 -0.0228948 -0.067459 0.0729914
0.00817551 -0.115712 -0.146126 0.186572
-0.174313 0.189637 0.0558262 0.26356
-0.0788624 -0.314864 -0.0283874 0.325829
-0.309693 0.0205498 0.281853 0.419253
0.167444 -0.279706 0.261845 0.418133
0.181785 0.160421 0.445963 0.507606
-0.675969 0.288299 0.022692 0.735231
-0.0714456 0.0436961 -0.0689255 0.108464
0.464578 -0.209074 -0.366995 0.627877
-0.538991 0.113505 -0.113802 0.562446
-0.25265 -0.356787 0.400819 0.593115
0.304102 0.361075 -0.0647288 0.47649
0.123486 -0.0115206 0.00017724 0.124022
0.442634 -0.295273 0.1996 0.568287
-0.37802 -0.0157424 -0.377952 0.534785
-0.207782 -0.183539 -0.00497523 0.277281
-0.15749 -0.436177 -0.0880001 0.472014
0.179635 0.188871 -0.204574 0.331348
-0.328603 -0.27385 -0.254596 0.497788
0.111781 0.166839 -0.311994 0.371039
0.0369745 -0.319005 -0.0577281 0.326288
0.155622 0.171963 0.140116 0.270965
-0.160255 -0.0966576 0.156288 0.243824
0.0416088 0.0874615 0.108813 0.145674
-0.731255 0.00810141 -0.369644 0.819412
-0.319394 -0.170465 0.0152329 0.362358
0.0499803 0.0659572 -0.0508841 0.0971472
0.343645 -0.538691 -0.200102 0.669567
0.137113 0.0263504 -0.0451441 0.146739
0.284128 0.394537 -0.0430704 0.488102
0.241307 0.166485 0.214794 0.363432
-0.172354 0.284157 0.101012 0.347353
0.317863 -0.127897 -0.0270136 0.343692
-0.196313 0.0975736 -0.189901 0.290037
0.0806 0.0038381 -0.0331086 0.0872197
0.0336817 -0.0576352 -0.152593 0.166556
0.143172 0.399394 0.404195 0.585992
0.12079 0.129792 -0.496089 0.526821
-0.266879 -0.329181 -0.0237453 0.424438
0.677779 -0.486389 0.101995 0.840453
0.2384 -0.141223 0.0919604 0.291951
0.202606 -0.60497 0.120975 0.649363
-0.0535582 -0.275752 0.561453 0.627803
0.120694 -0.103311 0.392093 0.423057
0.20187 0.301685 -0.270057 0.452433
0.224438 0.228464 0.0986547 0.335114
0.0609536 0.0793064 0.102115 0.142942
-0.0662072 0.449877 0.2217 0.505889
-0.0825214 0.329694 -0.284156 0.443004
0.18641 -0.357047 -0.180479 0.441366
-0.0761216 0.0215144 -0.00150752 0.0791179
0.207821 0.0766403 -0.296452 0.370063
-0.172737 -0.170709 -0.583462 0.631987
-0.147816 -0.0797968 0.113131 0.202523
0.0388744 0.0961229 0.456807 0.468427
-0.309204 -0.0653496 0.0719201 0.324114
-0.279289 -0.251652 -0.115574 0.393304
0.101946 -0.22847 -0.173426 0.304415
-0.271501 -0.238218 0.0863058 0.371361
0.167523 0.141402 0.206393 0.301092
0.0574242 -0.0880256 0.201378 0.227154
0.311335 -0.0861465 -0.254695 0.411364
-0.239919 0.164167 0.206089 0.356349
0.328897 0.217218 0.0469725 0.396943
-0.0960937 -0.0745623 0.334915 0.356317
-0.36625 0.0814923 0.0900887 0.385871
-0.11703 -0.101833 0.0265333 0.157385
0.140166 -0.056476 -0.170925 0.228148
-0.192848 -0.163137 -0.173656 0.30653
0.172463 0.156955 0.176052 0.292186
-0.291981 0.17329 -0.0805045 0.348946
0.0309134 0.0694836 -0.473877 0.47994
-0.0516412 -0.327078 -0.0106218 0.3313
-0.292651 -0.204036 0.062651 0.362216
-0.0810862 -0.187262 -0.0968667 0.225887
-0.0225874 0.075354 0.079298 0.111699
-0.0995316 0.331928 0.285348 0.448894
-0.181641 -0.114733 -0.326807 0.391101
0.127604 -0.211817 -0.326604 0.409658
-0.303913 -0.0282754 0.0798089 0.315487
0.154689 0.18935 0.407914 0.475579
-0.00952388 -0.302978 0.0146851 0.303484
0.100844 -0.057566 -0.267494 0.29161
0.0696269 0.0785447 -0.101727 0.14617
0.127321 -0.115034 0.0720683 0.186111
0.100003 0.0871489 0.642963 0.656504
-0.383262 0.316874 -0.011754 0.497431
0.333871 -0.352035 0.230292 0.53706
0.0792716 -0.0873827 0.677627 0.687822
-0.105445 0.118475 -0.0369247 0.162845
0.00607957 0.121672 -0.445283 0.461647
-0.0929734 0.188551 0.319387 0.382366
-0.177682 0.00242932 0.049305 0.184412
-0.296599 0.209992 0.412798 0.549973
0.0891465 -0.369443 0.033897 0.381555
0.374172 -0.105832 -0.00627256 0.388902
-0.120258 -0.0376124 -0.479241 0.495528
-0.268259 -0.232868 -0.100893 0.369283
-0.0379158 -0.132225 -0.109547 0.175845
-0.327896 -0.234089 -0.0143761 0.403138
0.297446 0.281826 -0.0741792 0.416416
-0.224742 0.420003 -0.159954 0.502491
0.164473 0.00716083 0.0927183 0.188942
0.0451304 -0.185803 -0.137504 0.235514
0.501703 -0.0514175 -0.268317 0.571265
-0.0353564 -0.040197 0.127756 0.138519
-0.083745 -0.228161 0.284905 0.374488
-0.237943 -0.233193 -0.130417 0.357777
0.336673 0.0205493 -0.259095 0.425325
-0.00466598 0.18743 -0.0707066 0.200377
-0.133528 0.0793335 -0.144039 0.211827
0.181348 -0.0712132 -0.111858 0.224657
-0.216376 0.218536 0.138691 0.33736
0.0307341 -0.186086 0.285188 0.341913
0.263706 -0.0325065 0.0264417 0.267014
-0.120225 -0.175058 0.233085 0.315322
-0.0932759 -0.817082 -0.111553 0.82992
0.207335 -0.428343 -0.19462 0.514142
0.160737 -0.0600081 -0.0861524 0.191988
-0.0693622 0.0286534 -0.268934 0.279209
-0.25126 0.0546053 0.0355156 0.259567
-0.142325 0.0831188 0.0146199 0.165466
-0.24382 0.11755 -0.160266 0.314565
0.155559 -0.405228 0.30165 0.528584
0.0410049 -0.141713 -0.00161684 0.147535
0.342976 0.0589558 -0.140905 0.37545
0.131143 0.306504 0.0149436 0.333717
0.137508 0.069466 0.00891785 0.154317
0.00941441 -0.101535 -0.0683431 0.122755
-0.00218224 -0.0290698 -0.140782 0.143768
-0.422699 0.0541109 0.109401 0.439967
-0.255558 0.181978 0.0495293 0.317615
0.0346362 0.2684 -0.260564 0.375675
-0.259476 0.447876 0.197413 0.553979
0.0993999 -0.293687 0.267153 0.409271
0.129501 0.250293 0.347269 0.447228
0.255434 0.0689281 0.175335 0.317396
0.0501375 0.299864 0.0236229 0.304943
-0.116154 -0.196173 0.228797 0.322992
0.235921 -0.0800073 -0.192893 0.315068
-0.238506 0.111945 -0.323192 0.416977
-0.258467 -0.0231626 0.0612325 0.266629
-0.288054 0.100809 -0.130557 0.331938
-0.0798457 0.326079 -0.185278 0.383446
-0.189142 -0.332136 -0.206996 0.434668
-0.242528 0.113056 0.198377 0.333099
-0.47267 0.198362 -0.106128 0.523477
-0.587731 0.0914332 -0.166223 0.617591
0.0148083 0.122913 0.120605 0.172836
0.147998 -0.31492 0.00668831 0.348026
0.0194039 -0.367708 -0.115842 0.386011
0.174953 -0.116199 0.220387 0.304436
-0.0842484 -0.1579 0.130419 0.221448
0.485074 0.269118 0.132567 0.570346
0.00285896 0.0543329 -0.257715 0.263396
0.0167662 0.0541266 0.141254 0.152196
-0.0547605 -0.0212408 0.183316 0.192496
0.0180793 -0.225903 -0.0265363 0.228174
-0.017269 -0.38719 -0.179568 0.427152
-0.0305756 0.00883858 -0.0166946 0.0359402
-0.145617 0.154163 -0.110228 0.239
0.385759 -0.176423 -0.28094 0.508785
0.289098 -0.308479 0.208956 0.471593
0.0555871 -0.031286 -0.135642 0.149892
0.00524325 0.196035 0.00629959 0.196207
0.177991 0.257278 0.16382 0.353143
0.543908 -0.300321 -0.162553 0.642224
-0.195969 -0.259191 0.296362 0.439789
-0.0571091 -0.260283 -0.510039 0.575455
-0.176988 0.0302709 -0.144488 0.230473
-0.227491 0.0177813 0.235215 0.327711
-0.204474 -0.0897961 -0.062255 0.231837
0.24138 -0.0349565 0.155508 0.289256
-0.342589 -0.190798 -0.0696676 0.398278
0.154616 0.182901 0.0808984 0.252792
-0.383562 -0.244961 -0.0674122 0.460076
-0.111994 0.285392 -0.188881 0.360093
0.312329 0.575114 -0.297592 0.718934
-0.149801 -0.32347 0.132057 0.380148
0.0788579 -0.0735875 0.153993 0.188009
0.242075 0.309429 0.271732 0.477686
-0.167591 -0.301945 0.113277 0.363441
-0.177212 -0.292703 -0.206285 0.399541
-0.0924143 0.200264 -0.00808683 0.220707
-0.285331 0.0710047 0.0314441 0.29571
0.111108 0.0526648 0.597324 0.609848
0.0170973 0.169593 -0.0960409 0.195647
-0.346833 -0.0372058 0.0386854 0.350962
-0.239878 -0.0992937 -0.21077 0.334402
0.177476 0.345109 0.0518413 0.391517
0.191817 -0.0566246 -0.13703 0.242441
-0.0166621 0.292642 0.0395614 0.295774
-0.234971 -0.122112 0.0931478 0.280712
0.0711241 0.0875301 0.274794 0.297039
0.037355 -0.163363 0.34629 0.384707
0.111226 0.194192 -0.0675061 0.233749
0.276361 -0.0537292 -0.0348682 0.283686
0.198969 -0.494639 -0.125364 0.547697
-0.138041 -0.0862856 0.344797 0.381294
0.116026 -0.0470373 -0.136527 0.185241
0.496491 -0.0724508 -0.149349 0.523505
-0.281482 -0.0406664 0.0992138 0.301213
-0.385223 0.12114 0.0470488 0.406553
-0.0649832 -0.372414 -0.231156 0.443112
0.355122 -0.253364 0.232932 0.494532
0.0396667 0.302145 -0.169148 0.348535
0.18073 0.0508117 -0.0741751 0.201859
0.130827 -0.0300136 0.0789213 0.155708
0.0609181 -0.129802 -0.0483964 0.151334
-0.219817 0.114404 -0.168467 0.299648
0.017871 0.143366 0.0206008 0.145937
-0.151416 0.186639 -0.240925 0.340302
0.086092 0.0178312 -0.167484 0.189157
-0.281921 -0.164282 0.0144645 0.326615
-0.143332 -0.122019 -0.0852389 0.206636
0.106185 -0.0310114 -0.0220597 0.112799
-0.214094 0.0178797 -0.24857 0.328547
-0.141826 0.315502 0.0954158 0.358831
0.210554 0.0516254 -0.0948751 0.236642
-0.144822 0.149835 0.0633641 0.217805
0.282436 0.133163 0.172634 0.356798
-0.20798 -0.146327 0.0644609 0.262341
0.235455 0.0747057 -0.0661086 0.255715
-0.00368862 -0.365913 -0.066682 0.371957
-0.153506 0.1837 -0.165937 0.291282
0.430506 0.172848 0.115902 0.478169
0.0587099 0.136816 0.0870453 0.17246
-0.0140079 0.00909149 -0.158968 0.159842
0.27747 0.0473742 0.244486 0.372837
-0.0523893 -0.149385 0.111862 0.193839
0.508897 0.0161084 0.0526657 0.511869
-0.110085 -0.0685112 -0.105661 0.167263
-0.158924 0.206542 -0.17041 0.311377
-0.299361 -0.148298 -0.18318 0.381004
-0.0913586 0.444014 -0.0229892 0.453898
-0.189408 0.00129788 0.122596 0.225625
0.270879 0.105947 0.266028 0.394171
-0.260246 -0.380915 -0.246219 0.522923
-0.331757 0.17432 0.19191 0.421046
0.0191281 -0.364038 -0.0585677 0.369215
0.0296126 -0.022455 -0.0808305 0.0889646
